Date   NoDur  Durbl  Manuf  Enrgy  HiTec  Telcm  Shops  Hlth   Utils  Other
192701  -0.62  -0.91  -0.05   1.20  -1.14   1.88  -3.20   4.91  -1.79   1.52
192702   3.40   8.88   5.81   1.42   4.45   3.97   4.56   1.65   4.57   5.04
192703   2.74   1.65   1.48  -5.95   1.45   5.56   2.85   0.88   0.37   1.26
192704   3.37   3.17   0.80  -5.11   5.40  -2.13   2.22   3.25   1.71   0.90
192705   8.16   5.92   5.08   4.80   7.37   3.35   0.63   4.01   9.22   6.40
192706  -1.75  -2.95  -2.76  -3.20   3.28  -2.14   0.21   0.45  -3.58  -2.10
192707   4.82  13.13  10.81   2.90  11.89   3.73   9.45   9.84   5.31   6.11
192708   2.77   7.02   2.85   0.00   5.79   0.43  13.07   0.28   3.43  -1.19
192709   5.26   5.73   4.84   3.33   1.42   6.53   5.11   5.65   8.29   4.76
192710  -0.81  -4.38  -7.51  -2.06  -7.19  -2.09  -5.97   5.13  -4.34  -3.80
192711   6.80   6.35  12.03   4.15  10.62   2.83  10.91   3.68   6.32   4.58
192712   2.48   7.78   5.11   0.89   1.18   1.33  -0.19  -0.46   2.24   1.97
192801   0.52  -3.34  -1.07  -1.86  -0.40   0.30  -0.56   2.69   5.87  -1.09
192802  -4.08   1.28  -1.55  -0.21  -0.45  -0.30  -1.68  -1.38  -0.68  -1.99
192803   4.40  27.63   7.72   5.37  19.22   1.96   8.77  10.54   6.62   6.11
192804  -0.44   1.42   1.47  15.12   2.23   3.22   0.52   2.35  10.94   4.24
192805   0.87   5.64   4.27  -5.26   2.57   6.61   3.95   9.27   1.51   0.02
192806  -4.38  -4.04  -5.26  -4.05  -5.13  -5.22  -4.09  -3.15  -3.43  -4.30
192807   1.76   0.87   1.62   0.98   0.67  -1.28   4.85   2.39  -1.15  -0.27
192808   6.02   9.06   8.00   2.38   9.97   4.55  11.68  14.57   6.46   4.76
192809   1.23   7.78   3.83   5.21   0.72   0.15   1.54  -1.14   3.35   2.00
192810   0.83   0.14   3.92   1.91   1.87   2.97   4.05   0.05  -1.64  -0.36
192811   6.61   4.47  13.52  17.29  19.62   6.68  14.19   5.05  21.98  10.04
192812  -0.49  -1.25   2.51  -4.34   7.17  -0.38  -1.42  -0.41   1.52   0.45
192901   3.44   1.27  10.39  -7.68  10.47  13.38  -4.30   3.43  12.96   5.63
192902  -2.52  -0.11   2.66  -0.03  -0.74  -1.15  -2.51   0.05  -2.10   0.02
192903  -4.55  -1.83  -2.00  11.04   4.61   4.29  -5.76  -1.50  -3.10  -2.18
192904   1.84  -1.02   2.00   0.75   1.71   3.39   3.03   1.48   5.26   0.50
192905  -3.98 -15.03 -10.90  -5.55   0.45  -8.77  -7.35  -7.84   5.17   0.01
192906   5.32   6.93  13.28   1.14  17.10  13.70   8.03   4.52  23.43   5.80
192907   3.22  -2.92   4.31   0.38   9.13  13.68  -0.01   2.59   9.21   6.65
192908   4.86   3.03   8.93  11.64  12.27  10.98   7.07   3.09   9.20   7.87
192909  -3.67  -8.35  -7.41  -2.85  -7.39  -1.37  -4.57  -7.02   1.47  -6.47
192910 -10.46 -28.90 -19.54  -9.84 -27.80 -15.39 -23.88 -18.02 -29.91 -11.86
192911  -8.44 -17.30 -14.02  -6.28 -19.21  -9.47 -12.37  -7.90 -14.54  -9.62
192912   0.76   4.90   1.62  -0.96  10.93   1.01  -3.00   1.11   7.96  -0.50
193001   5.69   5.88   6.78  -0.92  10.47   1.20   3.41   2.55   7.21   4.60
193002   2.33   2.43   2.17  -4.47   7.63   7.06  -5.70   3.15   8.50   3.34
193003   2.27  11.43   7.48  17.48   8.18   8.79  -1.79   5.99   9.36   4.88
193004   0.55  -7.77  -7.98   6.66   2.05  -4.52   0.97  -1.27   3.40  -6.60
193005   1.36   4.16  -1.81  -3.54  -4.36   0.40  -0.26  -1.49  -1.18  -0.92
193006 -11.10 -22.24 -16.54 -15.22 -19.65  -8.34 -15.09 -13.34 -19.03 -11.89
193007   3.14  12.09   4.77   5.13   4.10   1.27   3.11   6.70   1.77   3.49
193008   1.95  -1.90  -0.20  -3.20   2.22   1.74   4.40   7.41   1.61  -0.36
193009  -9.01 -16.72 -14.09 -15.43 -18.18  -5.27  -9.71  -8.60 -12.04 -10.50
193010  -4.87 -11.60 -10.11  -8.20 -17.32  -4.12  -8.65  -4.29  -8.73  -8.36
193011   0.14   5.45  -0.64  -3.74  -3.23  -3.27   2.83  -3.26  -8.04  -5.25
193012  -4.68  -1.25  -8.17 -12.22 -10.73  -3.81 -12.83  -6.74  -3.61  -8.89
193101   5.50   8.00   3.73   5.27   5.22   4.79   5.96   8.27   6.14  11.87
193102   6.88  17.37  12.79   5.63  22.36   5.95  16.15   7.80  15.42   5.45
193103  -1.80  -3.78  -6.81 -14.23  -7.61  -3.59  -4.49   1.80  -3.21  -9.60
193104  -5.10  -7.83 -14.28 -13.42 -12.97  -4.25  -4.49  -3.83  -9.89  -9.80
193105 -10.89 -16.10 -16.36 -12.49 -12.90  -8.94  -4.15 -10.46 -10.75 -17.54
193106  10.88  14.59  17.53  17.55  18.61  10.21   7.03   9.77  12.21  16.41
193107  -3.60  -2.04 -10.36  -3.33 -10.35  -4.87  -1.04   2.61  -5.29  -9.95
193108  -0.61  -2.75  -0.18   8.92   3.79   0.82   2.17   0.39  -1.86  -3.97
193109 -24.49 -34.80 -29.88 -25.99 -33.83 -21.56 -28.62 -29.45 -32.90 -26.29
193110   6.70  12.92   6.24  13.28  11.29   4.34  12.62  11.26  10.47   1.33
193111  -4.27  -3.47  -8.34 -10.06 -14.10  -6.86  -7.42  -2.79  -4.67 -18.64
193112  -9.69  -8.77 -15.35 -17.56 -13.41  -7.94 -13.58  -4.10 -13.27 -16.44
193201   2.03  -6.95  -0.55  -4.31 -11.48  -4.04   0.25  -2.66  -2.53   6.84
193202   5.38   2.17   6.08   7.77   6.25  11.64   3.27   2.05   7.06  -0.26
193203  -5.80 -22.25 -14.22  -0.58 -14.38  -9.90  -8.29  -6.41  -9.49 -16.00
193204 -11.29 -29.56 -23.01 -12.21 -24.15 -12.39 -14.60 -19.77 -15.59 -22.26
193205 -21.33 -18.62 -18.13  -7.58 -28.67 -10.81 -30.04 -34.08 -26.64 -29.85
193206   1.53  -7.92  -2.53   5.08   7.09  -9.55  -2.47  11.05   1.44  -2.28
193207  24.11  45.00  41.74  33.53  44.06  16.70  27.08  29.18  29.09  55.53
193208  22.53  45.20  46.31  17.26  45.40  28.19  34.29  35.87  42.91  58.83
193209  -0.75   8.49  -2.48 -10.95  -5.58   0.25   0.52 -11.92  -4.53  -4.09
193210 -11.26 -24.78 -15.83  -3.62 -18.97  -8.14 -11.30 -18.56 -10.76 -17.93
193211  -7.17  -2.66 -10.32  -2.78  -8.22  -1.12  -5.14   5.53  -3.33  -6.94
193212   3.53   4.45   3.23   0.17   7.57   3.67   6.74   6.82   9.15   4.84
193301   4.77   0.84   3.34  -2.38   1.43   0.30  -2.57  -1.13  -4.39   8.68
193302  -8.85 -24.47 -17.53 -13.02 -20.10  -7.79 -15.87 -10.82 -19.64 -16.30
193303  10.43   9.16  11.26   3.97   6.28  -5.83   7.70  -3.16 -12.65   4.05
193304  34.27  79.90  57.31  32.58  53.53  13.23  36.97  37.13  24.69  30.36
193305  12.87  26.00  26.00  17.32  19.56  17.37  16.09  23.49  19.25  31.53
193306  10.57  20.78  12.41  12.52  10.88  10.50  16.32  10.39  15.39  14.35
193307  -6.68  -7.02 -11.38 -11.56 -11.06  -4.35 -13.63 -19.11 -13.60  -6.65
193308   9.91  20.78  16.27  18.39  12.87   4.52   7.23  -0.37  -1.26  14.73
193309  -7.54 -15.31 -10.08  -2.15 -17.16  -3.57  -8.81  -1.31 -19.67 -16.33
193310  -8.65 -10.06  -7.96  -4.84  -9.74  -7.19  -8.50  -6.02  -7.65 -10.87
193311   4.93  25.47  12.72  14.28  12.83   5.62  13.95   9.40  -2.44   5.42
193312  -3.31  10.41   4.61  -1.11   1.50  -3.74   6.10 -11.73   1.38   4.80
193401  10.36  13.13  11.07   9.29  15.95   5.97  21.06  16.77  20.34  18.40
193402  -4.74  -2.11  -3.08  -3.08  -6.38   2.12   2.66  -3.60  -1.76  -1.87
193403   1.01  -0.32  -1.22  -1.56   3.20   1.27   3.35  -0.64  -1.81   0.83
193404   3.23  -6.84  -2.75  -2.17  -2.29  -1.26  -0.44   7.99  -3.77  -1.64
193405  -2.83 -12.80 -10.02  -4.04  -6.59  -4.32  -7.22  -0.39  -7.74  -7.34
193406   3.82  -2.73   4.30   1.17   2.73   1.32   2.14   2.04   4.32   3.15
193407  -5.21 -13.78 -11.51 -10.11 -11.83  -4.35  -7.29  -1.90 -17.34 -17.24
193408   4.24  10.87   7.52   6.93   6.58   2.56   6.34  -3.05   2.09   4.39
193409   0.17   0.68  -1.19  -1.98  -0.30   1.90   1.04   0.80   1.60  -0.36
193410   0.61  -2.10  -0.41  -5.17  -0.95  -1.58   1.15  -0.71  -7.71  -2.16
193411   8.49  17.65  12.62   7.53  13.46  -1.72  10.38   4.07  -0.25   5.67
193412  -0.93   3.54   2.24   0.69   3.69  -0.59  -1.30   0.62  -8.73  -0.14
193501  -1.36  -9.03  -2.37  -4.17   1.19  -0.46  -4.38  -0.86  -3.16  -6.67
193502   1.65  -3.27  -1.73  -2.93   0.17   1.03  -1.32   4.25 -12.07  -4.65
193503  -4.56  -5.83  -4.80  -3.72  -4.15  -0.70  -4.94  -3.15  12.19  -5.32
193504   5.63   5.70   8.96  14.77  10.25   9.14   6.17   3.18  10.92   8.72
193505   1.14   2.99   1.83   3.68   2.74   8.38   3.35  -4.03  13.81   3.86
193506   5.51   9.71   6.50   1.33   7.68   5.36   3.95   4.09   9.21   6.27
193507   3.05  19.15  10.71   0.48   9.55   5.76   6.52   3.20   9.32   7.28
193508  -1.64   9.03   3.18  -2.06   3.21   4.06   3.53   0.29   7.14   3.33
193509   1.69  11.04   4.19  -3.22   7.70   4.29  -0.27   1.11  -1.68   0.64
193510   4.53  13.67   5.85  13.18   8.80   3.11   4.35   5.97  14.22   2.32
193511   1.15   3.54   4.52   2.61   5.72   9.72   2.68   1.74   0.77  13.15
193512   2.07   5.77   3.69  14.35   3.43  -0.15  -0.87   2.36   5.57   4.30
193601   3.24   3.89   5.56  12.94   6.47   4.17  -3.92   3.46  12.45  12.11
193602   0.70   3.71   5.70   1.26   0.28   6.57   0.49   3.44  -6.43   2.86
193603  -2.03  10.21   2.47   1.70   0.01  -3.36   2.08   3.52   0.64  -2.94
193604  -4.45 -10.14  -8.98  -9.09  -8.73  -5.66  -4.17  -9.20  -8.26  -7.37
193605   4.94   4.07   6.27  -0.48   5.28   6.45   3.58   4.80   9.58   7.47
193606   2.32   6.91   1.16   1.63   1.33   2.42   6.79   1.29   3.56   1.74
193607   2.98   4.91   7.67   4.76  12.14   2.45   4.50   4.66  11.65   9.59
193608   0.83  -0.28   1.64  -0.67   2.47   1.76   2.34  -1.48  -1.09   1.84
193609  -0.65   3.24   2.05   1.37  -1.24   0.35   6.15   0.77  -2.16   0.91
193610   3.37   5.11   7.70  12.52   5.67   5.09   9.47   3.77   5.72   8.14
193611   4.53  -1.40   5.54   1.50   5.48   3.86  11.05   3.39  -2.89   0.56
193612  -1.33  -7.23   1.89   9.25   2.65  -0.40  -8.55  -2.04  -1.66  -1.20
193701   2.40   7.28   4.64   2.40   8.60  -0.85   0.60   3.48   2.43   1.00
193702   0.92  -0.49   2.64   1.47  -1.40  -3.06   2.47  -3.73  -4.21   4.75
193703  -0.97  -4.13   1.43   3.46  -4.47  -2.09  -3.61  -5.03  -6.29   2.61
193704  -6.40  -7.96  -9.16  -5.26  -7.60  -5.24  -6.12  -3.32  -7.40  -6.81
193705  -0.47  -1.97   1.00  -0.23   0.73   1.51  -6.51   1.69  -5.32  -3.33
193706  -3.26 -10.78  -3.66  -2.64  -1.44   1.38  -1.82  -4.13  -5.24  -8.93
193707   5.01  13.22   9.25   8.05   9.53   3.27  10.00   4.15  19.31   8.69
193708  -2.46  -2.25  -4.46  -6.46  -4.76  -2.54  -5.13   1.08 -10.24  -8.37
193709  -9.19 -12.65 -17.40 -12.96 -14.05  -2.10 -12.91 -10.76 -11.69 -15.89
193710  -7.10 -12.89 -13.85  -6.86  -7.17  -5.36  -6.08  -3.55  -4.95 -10.14
193711  -5.87 -15.22  -9.24 -11.26  -4.57  -3.59 -14.75  -5.12   2.88  -6.83
193712  -2.32 -16.23  -2.25  -1.21  -2.18  -1.54  -6.42  -2.41 -10.66  -6.61
193801   2.97  11.05  -1.36   0.46  -2.50  -2.44   6.97   3.52  -5.70   0.55
193802   3.48   3.48   8.59   9.16   4.28  -2.32   8.38   8.60   3.60   4.86
193803 -15.81 -27.30 -25.68 -24.57 -27.70 -17.44 -20.62 -14.44 -19.52 -29.74
193804  12.37  14.87  13.89  14.48  16.78  13.47  15.56  11.83  14.56  14.52
193805  -0.29  -6.92  -6.86  -5.71  -2.99   0.83  -4.02   1.71   2.36  -3.99
193806  13.24  35.95  32.91  21.54  27.27  12.42  22.48  10.07  16.75  24.90
193807   6.64  19.87   6.75   7.14   5.79   1.28   9.42   5.80   0.72   9.96
193808  -4.01   5.96  -1.93  -8.63  -1.15   0.28  -2.90   0.35  -5.54  -3.83
193809   0.52   0.69   1.67   0.85   1.61   0.85  -0.63  -0.02   1.24  -1.29
193810   5.14   6.52  10.59  -1.54  10.08   3.56   7.81   5.64  20.99  11.25
193811  -2.51  -1.21  -1.47  -0.08  -4.40   0.65  -0.66   1.43  -7.02  -2.03
193812   2.76   2.08   5.56   4.91   3.09   2.57   0.19   0.86   3.97   6.40
193901  -1.85  -8.37  -9.27  -6.28  -7.50   1.81  -2.64  -0.96   1.27  -8.75
193902   2.54   7.04   2.99  -1.18   2.75   3.53   5.50   3.73   8.77   4.75
193903  -5.76 -17.64 -15.49  -8.34 -15.03  -2.21  -9.11  -4.33 -13.60 -15.16
193904   0.64   0.72  -1.35  -1.06  -2.71   2.75  -0.23   0.99   3.03  -1.81
193905   5.49   7.88   7.60   2.59   8.26   5.57  10.91   5.49   6.59   8.04
193906  -2.07  -6.79  -6.34  -6.12  -7.99  -3.79  -2.66   1.10  -3.56  -7.80
193907   6.25  17.53  12.85   3.10  14.05   6.51   9.06   3.08  12.67  11.55
193908  -7.34  -6.93  -6.76  -3.84  -8.08  -4.19  -6.63  -5.44  -6.02  -9.93
193909   4.93  23.77  26.97  26.09  12.32   2.37   0.12   7.06   3.59  25.74
193910   3.23  -1.41  -2.58  -3.84  -0.91   3.05   6.13   0.23   2.12  -1.62
193911  -0.48  -2.94  -5.95  -6.46  -2.58   0.97  -2.59   1.22  -1.43  -5.00
193912   3.13   3.86   4.00  -0.05   3.64   2.87   4.05   3.77   2.94   2.34
194001   1.68  -3.89  -4.60  -2.08  -4.21  -0.12  -0.99  -1.79  -0.01  -2.68
194002   0.94   2.08   2.70   0.90  -0.61   1.04   1.16   1.48  -1.20   0.90
194003   1.63   3.77   1.53   1.60   3.09   1.16   3.56   1.90   1.69   2.61
194004   1.74  -0.56   0.75   0.07  -1.42   0.33   0.38  -0.31  -1.36  -0.78
194005 -20.87 -26.04 -22.17 -24.18 -20.80 -14.13 -23.47 -21.20 -19.87 -23.88
194006   5.37   8.66   4.21   5.33   3.03   8.72   8.13   4.90  17.32   8.50
194007   0.01   5.90   4.33   3.20   4.97   1.97   4.72  -0.52   0.06   3.42
194008   1.33   7.43   2.50   1.36   3.32  -0.36   2.50  -2.29  -1.05   2.90
194009   2.57   3.16   4.16  -2.10   4.20   1.66   3.01   4.61  -2.19   2.53
194010  -1.43   3.95   4.07   6.21   2.43   1.61   0.40  -2.99   3.83   5.24
194011  -0.91  -0.61  -1.47   0.78  -2.80   0.61  -1.73  -1.82 -13.10  -0.11
194012   0.55  -3.31   1.15   2.48  -0.04   2.05   0.49  -0.22   1.74   0.25
194101  -0.52  -9.25  -7.04  -2.12  -2.59  -2.10  -3.39  -2.18  -2.15  -1.58
194102  -2.51   1.29  -2.06  -0.69  -0.38  -2.23  -4.00  -4.70  -1.20  -0.32
194103   0.65  -1.72   0.80   3.33   0.35   1.78   1.36   1.77  -3.36   1.84
194104  -4.14 -10.59  -5.71   1.46  -8.84  -6.35  -4.26  -5.22  -9.63  -4.41
194105  -1.37   0.43   3.67   5.49  -0.44   0.40   2.72  -1.43  -4.46  -0.87
194106   6.23   3.89   6.48   5.35  10.78   5.04   5.33   6.71   3.97   4.51
194107   5.56   3.96   7.11  11.26   1.75  -0.38   5.03   8.01   5.37   7.46
194108   0.84   2.36  -0.65  -3.25   0.77   1.06   2.71   0.08  -2.08   0.16
194109   1.80   4.19  -2.90  -0.90  -0.78   0.25   0.24  -0.19  -2.88  -2.59
194110  -6.95  -8.02  -6.42   2.61 -10.23  -2.72  -4.96  -3.68  -9.72  -4.16
194111  -3.04  -3.61  -1.36   3.15  -2.07  -4.03  -3.31  -2.92  -6.71  -1.57
194112  -4.00 -11.83   0.84 -11.00   0.59  -8.59  -8.56  -1.58  -7.48  -5.30
194201   2.48   6.26  -2.21  -1.54   0.97  -1.37  -0.85  -3.02   4.09   9.53
194202  -5.49   5.20  -2.42  -5.75  -2.49  -0.57  -2.23  -5.36  -2.46  -1.85
194203  -8.19   1.43  -5.59  -7.94  -6.27  -6.91  -8.21  -5.53 -12.14  -9.00
194204  -4.10  -4.35  -4.61  -3.43  -3.61  -7.32  -5.39  -4.46  -3.44  -1.98
194205   8.72   9.99   1.71   6.66   7.86   7.72  11.72  14.67   8.40   3.51
194206   3.58   1.74   3.53   4.29   4.54  -2.23   2.29   2.88   1.72   1.96
194207   2.44   2.05   2.76   5.92   1.84   4.48   4.26   1.60  -0.45   6.55
194208   0.88   2.31   1.32   3.40   0.71   2.49   2.44   2.42   0.80   2.44
194209  -0.03   2.57   3.23   2.52   5.16   2.04  -0.07   0.23   5.86   3.37
194210   4.42   5.83   6.68   9.45   6.26   6.19   0.72   4.13  15.19   8.95
194211   2.74  -0.14  -2.36   0.97   2.00   2.63   6.41   1.57  -1.30  -2.10
194212   4.66   8.18   5.25   7.47   6.04   0.35   2.19   8.73   4.36   4.45
194301   9.05   5.24   6.98   6.30   9.88   3.78   7.47   2.46  14.72   7.13
194302   3.68   7.54   5.20   7.86   3.41   8.81   3.08   3.66   7.95   9.44
194303   4.36   5.05   5.99   7.41   7.41   0.62   8.93   4.57   4.71  10.01
194304   1.02   0.51  -1.44   0.73   1.19   4.16   1.77   1.37   4.08   2.22
194305   6.55   6.59   5.34   5.91   6.21   4.57   7.39   5.13   4.55   5.53
194306   2.07   4.88   0.87   1.13   2.41   2.27   4.51   0.50   4.18  -0.79
194307  -1.81  -9.71  -6.78  -2.96  -7.33  -0.18  -2.32  -3.26  -0.54  -5.19
194308   0.90   3.48   0.65   1.01   0.44   0.91   3.14   0.26   1.85   1.39
194309   2.20   1.70   2.67   1.40   5.22   1.45   2.78   4.02   3.89   2.20
194310  -0.26  -1.12  -0.83  -2.02  -3.39   0.73  -3.33   0.57   0.58  -1.09
194311  -4.50  -5.32  -6.42  -6.78  -6.43  -1.74  -4.23  -3.93  -8.42  -7.96
194312   6.12   7.91   5.87   7.54   7.98   3.14   5.98   3.93   7.46   7.14
194401   3.92   1.00   1.95   0.61   0.61   0.86   1.64   0.31  -0.32   4.51
194402  -0.52   3.68  -0.37   0.08  -2.12   0.88   1.30  -2.62   1.54   2.07
194403   2.86   4.81   2.24   1.85   3.78   0.74   2.02   2.46   1.77   2.63
194404  -1.95  -1.17  -2.04  -1.36  -1.96  -0.57  -1.31  -2.35  -0.93  -2.44
194405   5.32   7.92   5.54   5.00   3.63   2.83   5.58   5.69   2.77   4.28
194406   5.61   9.26   7.11   0.54   7.46   3.25   6.21   3.85   4.92   5.91
194407  -0.36  -4.94  -1.95  -1.21  -1.85  -0.37  -0.25  -1.25   0.22  -0.81
194408   2.53   3.97   2.17  -1.94   1.89   0.67   3.75   0.77   3.65   0.37
194409  -0.17   0.62   0.55  -1.37  -0.66   0.27   1.29   0.44  -1.54   0.11
194410   0.01  -2.76  -0.33   1.87   0.85   0.75   0.48   1.09   1.39   0.70
194411   1.25   2.20   0.85   2.61   1.55   0.70   2.53   0.52  -0.37   4.31
194412   2.06   3.97   4.25   5.12   4.63   0.72   2.98   1.71   3.13   8.44
194501   2.63   1.32   2.80   4.91   0.62  -2.11  -0.97   0.57   5.85   0.62
194502   3.94   7.64   6.92   7.29   6.60   2.85   4.72   4.24   6.12   7.85
194503  -2.99  -6.06  -4.77  -5.23  -3.79  -0.12  -1.21  -1.81  -3.09  -3.54
194504   7.11  11.16   8.41   6.90   8.04   2.51   6.75   6.32  10.06   8.82
194505   2.45   0.77   0.82  -0.83   1.78   3.76   6.24   4.10   1.93   3.07
194506   0.87  -1.57  -0.13  -0.50  -1.90   2.61  -3.51  -4.65   5.02   4.40
194507  -1.43  -0.97  -2.99  -3.25  -1.71   2.20  -0.85  -1.62  -0.42  -5.42
194508   7.69   9.44   8.78   2.24   9.68   1.74   8.40   9.13   1.11   2.53
194509   6.28   2.76   6.15   1.95   3.35   1.90   5.76   6.51   6.57   6.08
194510   6.82   0.20   2.33   6.32   0.76   2.36   6.15   6.52   6.09   5.76
194511   3.71   2.63   4.91   8.33   2.66   3.36   6.46   8.56   4.95   9.14
194512   1.29   2.54   1.54  -0.23   2.56   0.47   2.61   1.46  -1.00   0.14
194601   4.86   6.63   8.06  -0.05   6.49   1.90  10.36   7.86  10.98   7.44
194602  -4.84  -8.93  -6.12  -4.67  -7.42  -2.81  -4.06  -4.28  -5.62  -6.14
194603   6.34   1.00   5.66  11.00   1.98   1.17  12.17  14.61   6.37   4.69
194604   3.55   1.41   4.32   8.78   1.49   1.60   7.54  14.75   4.36   1.74
194605   3.35   5.13   4.99   3.65   5.03   2.83   2.00   5.59   2.96   3.40
194606  -3.58  -5.94  -3.59  -3.12  -5.32   0.32  -7.83  -5.54  -2.90  -3.26
194607  -0.79  -4.76  -3.26  -0.05  -3.38  -0.07  -2.37  -3.23  -3.57  -4.97
194608  -5.28 -10.34  -6.68  -5.59  -6.90  -7.00  -4.89  -3.25  -5.28  -6.78
194609 -10.72 -14.86 -10.38  -8.05  -9.82  -4.72  -6.64  -7.10  -8.96 -14.34
194610   0.36  -3.31  -1.86  -0.66  -2.85  -5.13  -2.67  -0.24   1.44  -0.42
194611  -1.27  -1.14   1.73   0.56  -2.18   1.80  -4.67   1.67   0.76   0.05
194612   3.74   6.19   6.66   4.39   4.81   3.78   4.86   7.27   6.08   2.75
194701   0.25  10.89   0.88  -0.65   5.38   1.03   3.02  -5.27  -0.19   0.46
194702  -0.26   1.50  -0.67  -2.70  -2.04  -2.04  -1.23  -4.18  -0.96  -1.29
194703  -2.19  -2.69  -1.60   2.30  -2.31  -2.14  -2.40  -1.28  -2.76  -3.33
194704  -6.65  -4.10  -5.72  -0.43  -5.16  -0.21  -7.71  -8.62  -3.72  -6.26
194705  -0.49  -2.13  -2.08   2.51  -0.39  -1.09  -1.04  -2.65  -2.46  -2.06
194706   6.49   5.87   5.73   7.74   3.89  -3.18   9.69   4.15   3.93   3.17
194707   4.65   5.18   3.89   3.87   6.34   0.81   4.45   2.60   2.54   5.99
194708  -1.38  -0.75  -1.01  -2.30  -4.21   0.36  -3.52  -3.83   0.24  -3.18
194709   0.39   0.14   0.70  -2.71   1.15   0.84  -2.16  -2.62  -1.31  -0.97
194710   1.36   2.96   3.23   5.24   1.73   0.21   2.71   1.22   0.15   1.00
194711  -1.69  -2.67  -1.18  -0.34  -0.55  -2.57  -1.86  -3.04  -7.60  -1.98
194712   0.69   2.24   2.61   9.29   2.48   0.44   0.11   3.10   1.19   3.70
194801  -2.69  -5.35  -4.07  -7.43  -5.52   0.11  -2.58  -8.23  -0.21  -0.86
194802  -6.11  -5.40  -5.33  -2.96  -3.94  -1.06  -3.90  -3.53  -3.47  -4.10
194803   5.46   7.24   9.61   9.93  11.11   1.96   7.09   6.33   6.61   9.93
194804   1.31   1.16   2.50  11.21  -0.60   2.65   4.40   2.14   1.50   3.24
194805   5.08  14.42   7.86   6.08  12.76   2.49   8.83   6.78   5.74   6.79
194806  -1.99   0.32  -0.98   3.49  -1.42   0.44  -1.00  -2.19   2.59  -0.82
194807  -1.67  -4.37  -4.99  -7.18  -6.60  -1.65  -7.50  -4.25  -4.33  -4.97
194808   0.02   1.13   0.41  -2.01   3.07   0.06   2.27  -1.90   0.09   1.53
194809  -3.95  -3.88  -2.65  -4.46  -3.16  -0.23  -0.93  -3.08  -0.90  -3.42
194810   3.64   7.95   6.68   9.20   6.85   1.11   4.16   5.19   4.40   4.96
194811  -6.17 -11.86 -10.13 -12.18  -9.25  -2.06  -4.50  -5.74  -9.09 -10.58
194812   0.68   3.45   4.02   4.72   6.31   1.08   1.41   4.54   2.67   2.87
194901   3.67   2.46   0.31  -3.83  -1.33  -1.26   1.01   4.57   4.77   0.31
194902  -1.93  -3.68  -3.43  -4.30  -4.21  -0.30  -3.10  -0.93   0.67  -3.17
194903   3.20   3.41   3.57   6.06   5.82   1.36   4.26   5.50   3.76   4.89
194904  -1.64  -4.22  -3.51   1.29  -3.71  -1.64  -1.63   0.24   1.22  -1.54
194905  -0.42  -2.83  -3.30  -5.63  -5.30  -2.17   1.11  -1.88  -0.57  -2.67
194906   1.01   1.30   0.23  -1.18   0.11   1.13   3.57   2.16  -0.92  -1.37
194907   4.94   9.42   5.93   6.24   6.90   2.41   4.68   6.00   4.74   4.19
194908   3.97   2.32   2.17   5.49   0.75   0.98   1.31   0.19   3.68   1.45
194909   2.83   2.64   3.93   3.03   3.65   1.23   2.16   1.86   4.05   3.40
194910   1.53   7.35   4.33   3.71   3.74   1.88   0.38   3.38   1.31   2.44
194911   1.84   4.76   3.25  -2.77   3.90   1.67   2.38   4.81   3.28   1.21
194912   5.13   8.27   6.48   1.09   9.17   1.59   4.64   8.70   3.25   7.17
195001   1.37   1.88   1.98  -0.64   4.53   1.86   0.01   1.06   3.75   3.19
195002   0.53   3.50   1.95  -0.53   3.40   0.66   1.46   1.92   2.40   1.02
195003  -0.56   1.86   0.81   4.85   2.42   4.57  -0.67  -2.90   0.56  -0.68
195004   0.14  10.56   7.44   3.23   4.73   2.37  -0.28   5.52   0.95   1.50
195005   2.07   6.45   5.99   8.80   0.23   1.97   2.59   3.96   1.83   1.36
195006  -5.69  -4.03  -6.54  -4.52  -7.96  -4.28  -4.51  -4.19  -7.66  -6.79
195007   0.44  -2.72   2.15   8.81  -2.91  -1.32  -0.72  -6.94  -5.23   7.49
195008   3.94   9.23   6.35   4.32   5.26   2.56   4.16   3.68   3.39   2.30
195009   4.88   8.79   4.47   3.53   5.01  -0.46   7.72   6.16   4.51   6.52
195010  -0.37   0.62   0.46   0.29  -1.48   0.21   0.85  -1.76  -0.74  -1.52
195011   0.02  -2.61   5.94   5.28   2.64  -0.24   0.57   4.68  -1.18   3.94
195012   2.83   1.50   6.67   8.68   3.88   1.88   2.87   6.06   3.59  11.04
195101   4.62   9.21   6.14   6.30   7.72   1.88   3.15   3.10   5.04   6.40
195102   0.96   2.80   1.22   0.96   0.92   4.11   3.51   1.46   3.11  -0.41
195103  -2.77   1.19  -3.03  -2.38  -0.91  -1.10  -1.88   1.70  -1.39  -2.84
195104   0.95   3.42   6.84  10.81   3.17   0.85   0.21  10.41   0.22   3.74
195105  -1.27  -5.32  -2.14  -3.01  -2.77  -0.41  -1.64   1.57  -0.05  -3.26
195106  -3.58  -6.83  -3.80   1.09  -1.60  -0.18  -2.40   0.83  -0.41  -5.11
195107   3.13   3.11   8.44  11.37   5.67   2.80   2.62  14.46   5.30   7.39
195108   3.51   7.00   4.87   5.74   5.92   2.64   2.93  -1.43   2.13   3.46
195109  -0.41   2.66   0.22  -0.76   3.34  -0.04   3.16  -1.82   1.33   3.58
195110  -3.12  -2.04  -4.14   1.17  -6.35  -1.08  -2.91  -5.97   0.71  -3.62
195111  -0.06   2.01   0.43  -0.79   2.53   0.49   1.18  -0.48   1.66   2.11
195112   1.91   2.48   4.55   4.72   4.91   0.87  -0.34   5.14   3.27   2.13
195201   0.52  -1.16  -0.30   6.60  -1.65   0.18  -0.40   0.65   3.08   3.32
195202  -2.01   0.46  -3.84  -3.39  -3.30  -0.63  -3.39  -4.25   0.68  -1.58
195203   1.71   8.32   2.98   8.72   5.21   1.26   2.12   0.45   2.23   5.85
195204  -3.32  -3.00  -6.61  -7.65  -3.36  -0.75  -1.73  -5.50  -1.80  -3.39
195205   2.14   4.00   4.28   3.51   2.93   1.03   2.74   2.52   2.99   2.94
195206   2.87   5.25   4.32   5.45   5.87   2.06   2.71  -0.96   1.10   4.02
195207   0.58   2.53   2.22  -1.02   1.42   0.25   2.04  -4.38   2.03   1.14
195208   0.97   2.04  -1.65  -2.66  -0.22   0.89  -0.06  -0.57   1.82  -0.14
195209  -2.83  -0.78  -2.10  -4.30   1.04  -0.34  -0.60  -4.09   0.33  -1.37
195210  -0.88   1.21  -1.55   0.38  -1.06   0.92  -1.29  -1.49   0.34  -1.57
195211   6.02   6.53   8.70   2.07   9.16   4.07   3.86   7.22   5.08   7.27
195212   1.43   7.02   2.67   4.55   3.06   0.88   1.65  -1.95   2.01   3.73
195301   2.16  -0.37   0.66  -2.99  -2.31   1.03   1.25  -5.11   0.91   1.08
195302   1.75  -1.17  -0.98   0.33   0.51  -0.43   0.07   2.06   0.51  -0.22
195303  -1.74  -4.38  -1.63  -0.55  -0.74  -0.43  -1.52  -0.17   0.16  -1.44
195304  -0.13  -1.97  -2.68  -5.18  -0.37  -1.04  -0.56  -5.34  -2.95  -3.21
195305   0.24  -0.03   0.23   1.84   1.15   0.37   1.83  -0.04  -0.13   1.44
195306  -0.84  -3.32  -2.32  -0.08  -2.01   0.50  -2.63  -3.31  -2.98  -2.05
195307   2.72   0.72   2.60   3.93   2.31   0.94   2.40   3.66   3.42   1.43
195308  -3.50  -6.35  -4.85  -6.36  -4.40  -0.84  -2.60   0.05  -0.35  -6.77
195309   0.26  -0.81   1.15  -1.92   3.35   1.77   0.25   0.42   1.65  -0.99
195310   0.69   7.74   6.00   5.64   7.24   1.39   0.58   2.66   4.46   3.69
195311   0.35   0.49   4.15   1.99   5.02   2.26   2.90   7.98   3.00   2.77
195312  -0.62  -1.21   0.62   0.44   0.69   0.53   1.34  -1.34   0.70  -2.30
195401   4.17   5.29   4.52   8.64   6.85   1.89   3.05   5.65   3.32   6.64
195402  -0.30   1.71   0.95   2.80   5.01   2.58   0.47  -0.19   1.59   1.54
195403   1.37   3.51   4.85   4.28   8.84   1.72   0.51   0.28   2.96   1.80
195404   0.98   4.10   5.72   6.15   9.08   1.96   1.30   1.20   1.24   2.87
195405   2.38   4.47   4.47   2.97  -0.41   1.23   2.63   1.61   2.64   4.39
195406   0.57   1.20   3.60  -5.86   9.71   0.54   2.17  -2.43   1.29   1.50
195407   6.39   9.84   5.20   4.23  -0.50   4.36   3.76   8.21   5.41   6.83
195408  -2.70  -3.36  -3.75   0.52  -4.67  -1.43   0.04  -2.56  -1.72  -2.26
195409   3.88  14.47   6.60  10.01   6.43   2.49   4.38   2.82   2.01   4.32
195410  -2.22  -0.76  -1.11  -1.98  -1.97  -0.85  -2.45  -1.62  -3.80   0.59
195411   6.09   4.46  13.68   8.04  13.20   3.43   8.32  12.56   5.67  11.15
195412   4.34   7.25   6.54   6.47   3.06   1.58   2.16   6.12   3.57   9.36
195501   0.30   0.54  -0.12   0.41   3.49   0.80   1.99  -2.88   1.44   0.89
195502   1.53  -1.03   4.17   2.42   4.42   3.99   1.31   2.85   3.64   3.77
195503  -0.84   0.05   0.36  -0.23  -1.10  -0.19  -1.57   6.09  -0.73   0.93
195504   4.07   5.67   4.33   0.58   5.37   1.97   1.83   0.02   2.56   3.43
195505  -0.27  -1.11   3.00  -0.62   0.07   1.29   2.46   3.15  -0.14   1.63
195506   2.49  10.09   9.58  11.20   2.73   0.69   3.99   0.17   1.67   2.37
195507   2.06  19.61  -1.17   2.76  -2.74   2.61   2.11   0.13   3.76  -1.42
195508  -0.67  -4.27   3.03  -1.10   0.86  -2.44   1.64   0.15   0.10   0.57
195509  -1.58   9.24  -0.75  -0.38  -4.22   1.07   3.09  -3.17  -2.69  -2.70
195510  -0.83  -4.98  -3.05  -0.99  -5.17  -1.15  -2.46   0.82  -0.97  -2.60
195511   3.50   9.25   8.00   8.58  10.12   1.63   5.47   6.29   3.33   8.30
195512   1.20  -4.06   2.89   3.70   4.85   0.86  -0.82   6.23  -0.05  -0.65
195601  -1.53  -6.74  -4.57   0.54  -5.21   1.87  -3.98  -6.50  -0.29  -2.76
195602   1.10   5.60   4.88   4.27   6.27   0.16   2.73   8.27   2.01   3.37
195603   1.76   3.75   7.72  11.44  10.48   1.43   0.25   7.26   3.82   5.70
195604   0.86  -5.15   1.02   3.62   0.09  -0.88  -1.62   2.76  -2.17   0.89
195605  -3.25  -4.45  -6.17  -6.37  -5.28  -1.06  -4.27  -1.23  -0.75  -5.40
195606   0.66   7.02   4.62   2.74   7.12   1.28   2.07   3.60   2.39   1.55
195607   1.99   4.35   6.06   6.00   5.28   2.65   4.44   3.09   5.23   2.42
195608  -1.38   0.81  -3.00  -5.27  -3.55  -1.39  -4.07  -3.07  -2.48  -3.55
195609  -3.23  -1.21  -6.05  -5.81  -6.85  -2.84  -4.62  -3.68  -3.86  -4.40
195610   0.41  -1.01   1.07   0.54   3.25  -1.40   1.11   0.58   1.14   1.11
195611  -0.42  -3.44  -0.76   5.31   0.69   1.53  -2.19  -1.30   0.42   0.22
195612   1.26   1.04   4.86   4.14   4.44   2.56  -0.29   6.06   1.82   2.00
195701   1.78  -6.21  -5.86  -4.12  -5.64   2.90  -1.30  -2.27   2.63  -0.55
195702  -1.41  -1.85  -2.74  -2.27  -0.65   0.33  -0.96  -0.35  -0.30  -2.55
195703   1.58   0.54   2.03   3.17   4.77   1.51   1.96   8.22   1.71   2.30
195704   1.39   7.95   3.69   6.94   8.39   0.44   0.13   5.43   3.17   3.15
195705   1.39   1.05   3.17   7.61   5.79   1.04   2.37   4.79   2.25   1.36
195706  -0.64   0.08   0.34  -1.74   5.26  -2.09  -2.00   6.46  -5.09  -1.10
195707   0.92   3.64   0.47   1.00   1.07  -0.24   2.61   2.60   0.02   1.12
195708  -1.99  -3.09  -6.23  -5.74  -7.04  -0.12  -2.63  -2.98  -2.58  -5.45
195709  -1.14  -7.09  -6.88  -7.97  -6.36  -2.22   0.03  -3.04  -1.73  -6.66
195710  -2.12  -3.94  -4.73  -5.76  -1.77  -2.10  -3.49  -0.68  -0.70  -6.87
195711   3.36  -5.26   3.35   2.41   6.46   1.49   1.43   8.58   4.38   0.33
195712   0.45  -7.89  -4.60  -6.98  -3.24   1.26  -2.03  -0.48   2.56  -4.40
195801   7.46   4.96   5.39   1.59   4.03   4.26   8.18  -0.41   6.26  11.01
195802   2.04  -1.44  -2.02  -4.60  -1.63   0.66   1.59   4.95   1.27  -1.77
195803   4.19   2.95   1.58   7.92   2.62   1.17   4.19   8.17   1.97   2.51
195804   3.54   4.96   1.43   5.14  -0.12   2.70   2.88   6.55   5.08   4.52
195805   2.72   4.79   3.44   0.35   1.50   2.11   3.53   1.44   1.40   3.75
195806   2.65   2.62   2.37   4.95   3.63   1.66   2.23   3.55   2.20   2.87
195807   1.63   9.98   8.48   0.69   3.74   0.90   2.17   5.97   1.13   5.27
195808   2.93   0.02   2.42   1.92   2.08   2.41   5.26   1.98  -1.00   3.00
195809   4.26  10.04   4.54   3.28   6.20   5.04   3.95  11.72   3.46   4.42
195810   2.50   2.28   3.05   1.33   4.49   1.46   2.03   1.05   4.27   3.77
195811   4.09   1.75   2.92   1.92   4.35   2.14   5.55   8.03   2.95   4.63
195812   2.67   2.75   5.21   1.25  13.11  13.28   5.17   4.61   5.93   3.08
195901   3.81  -1.08   0.80   0.51  -2.22   3.91   3.55  -0.62   1.25   2.10
195902   3.00  -1.94   3.63  -7.39   5.17   4.85   2.73   3.86   1.26   1.74
195903   0.30  -1.19  -0.25   2.14   2.33  -0.43  -1.91   4.25   1.64  -0.71
195904   3.01   9.38   4.17   1.72   8.44   4.63   1.76  11.92  -1.13   1.96
195905   1.33   5.18   4.04  -0.95   4.84  -1.04   2.44  -1.07  -1.09   0.63
195906   1.67   0.16   1.28  -2.72  -0.99  -1.04   1.87   6.59  -2.23   1.41
195907   3.70   8.43   3.72   4.96   0.45   0.60   1.82   4.73   3.82   0.27
195908  -0.39   2.42  -1.89  -3.13  -2.50   0.61   0.75  -3.57   1.34  -2.22
195909  -3.22  -4.45  -4.96  -6.90  -4.19  -0.96  -1.97  -4.96  -4.35  -4.11
195910   3.79  -1.26   1.42   1.17   4.98   1.30   0.75   2.34   0.89   0.30
195911   1.25  -0.10   2.19  -0.41   9.21  -1.23   2.13   5.62   0.40  -0.51
195912   1.23   5.16   2.16   4.23   3.41   4.31   2.59  -1.67   2.14   2.11
196001  -3.36 -11.17  -8.41  -7.49  -9.80   0.95  -5.90  -6.38  -2.07  -4.50
196002   2.93  -2.20   0.49  -3.43   5.35   8.36   3.65   0.31   2.76  -0.02
196003  -1.41  -4.38  -3.55  -0.80   1.63   0.14   0.02   1.61   1.75  -2.26
196004   1.53  -1.57  -3.53  -4.26   0.52  -1.05  -0.38   1.65   1.38  -1.11
196005   6.51  -0.68   3.86  -3.46   9.55   3.32   2.92  13.72   1.50   0.25
196006   4.33   0.81   1.68   3.52   1.46  -0.34   4.25  -0.16   5.77   2.84
196007  -0.95  -0.60  -4.16   0.70  -4.20   0.10  -3.00  -3.86  -1.07  -1.46
196008   4.51   3.48   1.70   4.10   1.16   7.11   3.22   2.46   4.40   3.11
196009  -3.43  -5.68  -7.03  -1.00  -8.72  -5.91  -8.22  -8.71  -4.48  -5.70
196010   1.67  -1.34  -0.97   2.43  -3.25   0.14   0.01  -3.49  -0.33  -0.80
196011   8.66  -0.66   4.84   3.40   7.01   4.19   6.59   4.04   3.74   6.68
196012   4.48  -0.41   3.94   5.30   3.03  12.45   2.16   6.22   6.35   4.20
196101   5.41   8.36   6.63   9.76   2.87   7.89   2.85   6.05   4.95   7.78
196102   6.61   3.98   5.05   0.73   2.71   0.75   4.85   5.20   3.63   5.68
196103   4.85   3.43   1.60   1.42   2.77   7.43   5.71   3.80   2.02   3.54
196104  -1.36  -1.71  -1.34   4.76   0.48   0.80   0.68  -0.30   1.86   0.57
196105   3.68   1.30   4.57   0.15   2.86  -1.04   3.88   2.28   2.39   4.18
196106  -1.39  -1.53  -2.97  -4.02  -3.35  -3.99   0.47  -3.38  -1.87  -3.75
196107   2.86   6.15   2.48   2.28   1.79   6.43   2.39   3.50   2.87   1.26
196108   5.11   1.37   2.45   0.19   4.49   0.21   3.31   3.86   3.81   5.22
196109   0.05   4.68  -4.46  -6.42   0.21  -2.72   0.34  -1.23   1.41  -1.86
196110   3.34   0.54  -0.22   6.62   3.37   0.20   9.16   3.66   5.30   2.32
196111   5.49   9.67   2.94   5.53   2.93   8.52   4.99   3.14   3.42   3.85
196112  -3.19   2.87   0.17   3.81  -0.69   3.32  -0.28  -1.99  -4.20  -1.83
196201  -6.13  -0.17  -3.55   0.08  -4.96  -6.07  -8.62  -4.78  -2.59  -1.47
196202   0.26  -1.46   1.41   5.35  -0.02   4.11   1.60   3.75   2.63   1.72
196203  -1.09   0.41  -0.45  -1.65   0.21  -2.94   0.92   0.41   1.96  -1.78
196204  -6.74  -5.17  -7.95  -3.62 -11.05  -4.68  -4.49 -11.33  -2.78  -7.08
196205 -11.23  -4.43  -8.21  -4.96 -11.17  -7.13  -9.21 -10.78 -10.46  -7.86
196206  -8.77  -6.07  -9.54  -4.85 -11.57  -8.52 -10.26 -12.89  -5.11  -9.16
196207   5.23   8.03   5.25   4.90  11.30   7.23   4.49   7.78   7.44   5.75
196208   0.89   3.83   2.36   1.83   3.38   1.58   4.22  -7.92   3.17   3.81
196209  -5.61  -2.20  -5.80  -1.77  -8.86  -6.05  -6.58  -4.05  -2.84  -5.74
196210  -3.27   2.46   1.49  -0.29  -0.14   2.77  -1.38   2.47  -1.08   0.56
196211  12.08   6.73  13.21  10.71  14.56   7.16  11.19  17.59   7.60  14.77
196212   1.46   3.54  -1.07   4.69  -0.17   1.08  -0.07   0.88   3.44   1.37
196301   5.94   7.60   5.78   2.68   5.64   4.13   4.14   5.66   5.26   5.24
196302  -3.03  -2.89  -2.55  -1.31  -5.06  -1.09  -0.54  -2.58  -1.47  -0.44
196303   2.56   7.09   2.88   6.98   2.75   1.94   1.94   1.18   1.79   2.95
196304   2.38   5.65   4.69   6.05   6.42   3.73   5.41   7.62   2.40   5.92
196305   1.89   8.03   2.09  -0.11   4.19  -0.64   2.56  -0.25   1.03   3.56
196306  -1.38  -3.24  -2.56   1.21  -4.92  -1.94  -1.43  -1.09  -1.12  -1.39
196307  -0.48  -0.07  -1.40   2.30  -0.68  -0.25  -1.05   0.57   0.82  -1.58
196308   4.86   6.54   6.18   3.94   5.13   4.28   6.43   9.56   4.21   5.36
196309  -1.68  -0.25  -0.77  -3.65   0.14   2.36   0.94  -4.07  -2.49  -3.17
196310   2.67  10.71   2.57  -0.33   8.30   3.43   0.51   3.38  -0.67   1.37
196311  -1.12  -5.17   0.29  -1.14  -0.29   4.14  -1.25  -1.65  -1.02   0.10
196312   2.82   0.60   1.89   4.66   3.04  -0.09   0.33   1.53   2.41   2.65
196401   0.80   1.22   2.71   4.85   2.93   3.32   2.52   3.70   1.40   1.16
196402   1.85   1.64   2.75   1.07   1.96  -0.28   1.63   1.65   0.85   5.35
196403   3.08   1.08   3.70   1.40   3.38  -0.90   2.44  -1.94  -0.74   2.32
196404  -0.45   1.80  -1.69   4.04  -3.63   0.83   2.84  -1.42   1.04   0.32
196405   1.55   1.52   1.83   2.15   2.74  -0.39   3.90   0.52   0.83   2.38
196406   1.60   0.77   0.90   0.67   0.51   4.69   3.81   0.58   2.20   1.31
196407   1.73   5.64   1.36   3.34  -1.81  -2.01   1.28   4.76   4.91   1.23
196408  -0.26   1.40  -1.23  -1.86  -2.76  -1.56   0.34  -4.22  -0.03  -3.07
196409   1.69   4.64   4.75   3.08   1.15  -1.03   3.47   2.74   1.85   4.03
196410  -0.18   0.08   0.30   3.06  -0.99  -0.89   2.30   2.86   0.95   1.76
196411   0.71  -1.09  -0.51   2.54  -0.23  -2.22   3.26   2.17   1.36  -1.63
196412   0.24   1.89  -0.84  -0.24  -0.01   3.12   0.16   4.38   0.48  -1.73
196501   6.05   3.81   5.53   0.51   7.46   0.25   3.09   7.66   3.93   4.75
196502   1.60  -0.51   2.52  -3.36   2.20   0.81   1.39   2.42   0.46   2.56
196503  -0.80   1.28  -1.14  -3.02  -0.47  -1.68  -0.86  -0.92  -0.52  -0.38
196504   4.20   6.78   4.01   0.86   5.14   2.33   6.81   2.97   0.63   2.32
196505  -0.81  -3.26  -0.53   0.86   0.47   2.76   0.18  -1.25  -0.94  -1.53
196506  -5.12  -6.80  -6.20  -1.98  -5.72  -4.17  -6.20  -5.31  -3.66  -6.96
196507   1.56   2.29   2.04   1.80   3.59  -0.37  -1.39   3.95   1.06   3.33
196508   4.03   3.42   3.62   1.55   5.87   1.33   2.31   6.29   0.92   5.08
196509   0.47   7.11   3.91   4.37   5.25   1.10  -0.67   2.24   1.36   1.80
196510   2.57   6.14   4.45   1.84   5.20  -2.27   0.31   3.23   1.07   4.12
196511   1.08  -3.78   1.39   0.71   2.74  -4.31   1.35   3.79  -1.01   4.06
196512   1.29   1.47   3.25   0.18  -1.52  -0.84   1.30   3.84  -0.32   3.28
196601   1.91   0.61   2.90   1.04   1.34  -1.30  -4.33   2.74  -3.06   5.22
196602  -0.48  -1.48  -0.71  -3.44   5.01   0.48  -1.84  -1.55  -4.17   2.03
196603  -2.63  -2.97  -1.73  -2.23  -0.90  -4.84  -2.16  -1.60  -0.12  -2.58
196604   0.38   0.16   2.78   3.14   7.62   1.27   3.05  -0.01   1.19   3.02
196605  -4.91  -8.37  -5.58  -3.77  -6.07  -2.99  -2.88  -5.27  -2.73  -7.77
196606  -1.78  -1.97  -0.98  -2.28  -0.13   0.48  -2.40   0.99  -1.78   0.64
196607  -1.16  -2.58  -1.52   0.40  -1.71  -1.16  -2.01  -1.71  -0.18  -1.92
196608  -7.21  -7.57  -7.94  -6.37  -5.92  -4.60  -6.32  -8.09  -8.61 -11.81
196609  -1.48  -0.97  -3.60   3.94  -1.92  -0.56  -1.93  -1.15   4.37  -1.90
196610   4.52   0.39   2.52   8.47   0.27   9.18  -1.44   4.87   9.95   3.03
196611   2.31  -3.39   2.70  -1.14  10.87  -2.83   0.67   6.90  -1.36   7.93
196612   0.22  -2.63   1.37  -0.66   0.46   2.96  -4.02  -0.18   2.11   2.13
196701   9.42  11.79  11.19   3.58  10.23   6.24  11.88   6.45   2.81  11.98
196702   2.03  -1.06   1.20  -0.07   6.15   2.13   3.22   1.40  -1.72  -0.33
196703   4.45   3.84   5.75   3.61   5.49   2.97   2.35   7.86   1.54   4.40
196704   4.60  11.05   3.72   1.66   7.86   0.19   9.17   4.46   1.87   2.16
196705  -2.61  -7.28  -3.58  -2.42  -4.39  -5.67  -4.67  -5.28  -4.12  -2.06
196706   2.67   1.55   2.09   2.28   6.39   2.73   3.83   5.41  -1.32   3.48
196707   6.07  11.09   5.06   6.92   3.99  -6.58   5.99   3.79   2.29   7.90
196708  -0.84   0.18  -0.49  -1.45  -1.01  -1.24   0.53   0.65  -0.71  -0.21
196709   3.10   4.97   3.09   4.24   8.38   1.23   2.27   2.90  -0.12   1.32
196710  -2.64  -4.91  -4.43  -0.97   4.89  -3.51   0.63  -5.02  -5.42  -5.06
196711   0.56  -0.93   0.66   0.76   1.43   0.08   0.83   1.33   3.18  -0.40
196712   3.21   0.90   5.22   3.07   2.13   0.13   3.48   1.62   3.23   5.59
196801  -0.59  -5.21  -6.43  -0.89  -8.73   2.67   1.11  -6.58   0.20  -1.90
196802  -2.66  -2.32  -4.29  -2.67  -4.59  -2.41  -0.80  -4.24  -1.48  -3.45
196803   0.75   0.64   0.80   0.74   4.24  -1.12   2.89   0.11  -3.93  -0.30
196804  11.10  11.70  10.62   5.68  12.44   2.21  12.29  11.89   2.49  11.95
196805   5.02  -0.31   3.20   1.25   3.83  -0.72   3.50   3.35   0.44   6.21
196806   1.19  -1.41  -0.28   1.84  -2.01   4.17   0.48   2.23   8.44   3.03
196807  -3.91  -2.95  -4.22   5.28  -5.57  -0.20  -5.17  -4.12   0.18  -2.80
196808   2.78   1.23   3.27   1.29   0.54   1.28   2.25   0.68  -0.87   2.85
196809   4.87   6.67   4.51   3.55   2.94   2.97   7.80   0.84   0.25   9.28
196810   0.83   4.65   0.90   2.58  -4.91   3.17   0.73  -0.04   0.49   1.10
196811   4.63  -0.08   5.78   5.66   8.61   5.40   5.09   8.11   8.80   7.73
196812  -1.03  -4.46  -3.48  -2.53  -5.34  -6.66  -4.09  -1.02  -2.91  -3.67
196901  -1.19  -1.77  -0.42  -1.14  -4.68   1.17  -1.01  -0.23   2.43   0.73
196902  -6.59  -3.47  -5.79  -4.60  -3.61  -3.33  -4.11  -5.16  -5.21  -8.30
196903   0.71   5.11   2.53   7.12   5.45  -0.42   5.08   3.34  -1.29   0.75
196904   1.06   1.22   1.35  -0.36   3.96   7.73   3.79   4.98   1.33   1.79
196905   1.21   0.14  -0.87   3.76  -1.71   1.08   0.51   1.68   0.03  -1.22
196906  -7.31  -6.00  -6.76  -9.89  -0.15  -4.00  -5.45  -5.04  -5.73 -10.65
196907  -6.85  -6.97  -5.57  -9.64  -5.40  -4.50  -8.46  -2.73  -2.97  -9.11
196908   4.95   2.74   4.13   6.59   7.01   1.66   8.12   9.30  -1.29   9.03
196909   0.32  -0.07  -2.08  -9.63   0.20  -4.00  -0.56   2.09  -4.14  -0.71
196910   8.32   3.87   6.60  -1.03   5.79   3.50   6.61   8.98   8.28   7.96
196911  -2.37  -4.43  -3.56  -4.53  -1.78   1.18  -4.22   0.32  -5.27  -5.53
196912  -1.94  -3.44  -1.29  -3.01  -0.73  -5.51  -2.98   4.30  -0.64  -3.75
197001  -4.24  -8.25  -7.22 -11.45  -9.06  -2.57  -5.85  -7.12  -4.23  -8.82
197002   4.68   5.56   4.78   5.38   2.94   7.96   5.35   5.60   8.36   9.42
197003  -0.78   4.86  -0.50  -0.45  -2.58   2.29  -1.64  -5.08   2.91  -1.90
197004 -10.12  -8.87  -9.03  -9.17 -14.34  -8.79 -11.13 -10.11  -8.05 -13.67
197005  -7.45  -6.46  -7.75   2.61  -9.55  -3.75  -9.56  -7.78  -5.36  -8.23
197006  -1.47  -4.16  -4.73  -2.46 -11.77  -8.48  -3.93  -0.51  -4.70  -6.81
197007   6.68  10.60   4.94  12.76   2.35  10.26  10.62   2.16   8.70   8.01
197008   1.45   8.22   4.54   6.54   8.00   2.51   5.22   1.80   4.67   5.13
197009   5.51   2.69   4.02   3.19  10.17  -0.95   7.92   8.03  -0.52   7.60
197010   0.70  -2.01  -3.15   2.95  -3.50  -3.75  -1.58   0.26  -0.82  -5.90
197011   4.84   6.96   3.93   4.94   4.05   6.12   6.86   2.96   9.39   3.86
197012   7.43   6.17   8.02   2.26   4.40   6.85   5.32   5.37   7.17   8.35
197101   4.86   3.88   6.00   0.34   5.39   9.77   8.24   4.94   2.93   7.81
197102   3.77   2.24   1.21   4.79   2.80  -5.30   3.63   1.39  -2.59   2.34
197103   4.44   3.43   4.24   2.76   8.06   0.71   6.71   3.68   2.41   5.96
197104   2.17   8.50   4.43   4.31   2.32   0.82   5.03   4.23  -3.54   4.36
197105  -3.02  -4.26  -2.20  -4.74  -6.14  -5.21  -1.91  -2.10  -3.70  -4.42
197106  -0.13  -0.64   0.44   1.03  -2.18   1.04   0.40   2.02   4.30  -1.21
197107  -2.13  -5.56  -5.03  -2.13  -8.59  -3.61  -3.53  -2.25  -2.13  -3.84
197108   3.10  10.56   6.50  -1.19   5.70  -0.32   6.21   3.27  -2.32   7.01
197109  -0.07  -0.08  -0.24  -1.64  -1.55   0.23   0.64   0.66  -1.50  -0.43
197110  -4.32  -5.20  -6.02  -4.28  -4.37  -1.74  -3.41  -2.50   2.05  -4.20
197111  -0.35   0.32  -0.93   0.06   1.78   0.38   0.22   0.58  -1.21  -0.23
197112  10.53   6.14  10.03   8.84  11.26   7.36  10.21   7.90   8.10   8.21
197201   2.50   3.23   3.36   0.16   8.42   0.94   0.19   2.60  -0.30   3.35
197202   4.64   0.85   4.87   2.61   1.88   0.16   5.55   7.13  -2.50   2.25
197203   0.09   4.22   2.53  -5.46   1.09  -0.32   2.08   0.46  -0.15   2.34
197204   1.92  -0.52   1.86  -0.69   0.75  -1.05  -0.60   1.08  -2.81   1.81
197205   0.41  -0.99   2.09   3.65   3.72   1.19   1.49   3.52  -0.17  -0.63
197206  -1.14  -2.89  -2.20  -0.91  -2.53  -2.74  -3.93   2.51  -1.55  -4.53
197207  -1.58  -2.13   0.47  -1.07   0.97   0.75  -2.45   3.13   0.04  -2.93
197208  -0.11   3.77   2.23  12.38   2.84   5.16  -0.40   1.05   5.96   3.62
197209  -2.62  -0.89  -1.17  -0.24  -1.16   4.31  -0.53  -0.44   0.19  -1.71
197210   0.00  -2.45   1.08   3.10  -3.31   2.30   0.95   1.51   6.75   1.13
197211   6.88   7.94   4.23   6.19   2.51   7.10   5.94  -0.56   6.40   5.15
197212   0.53   1.64   0.84   1.05   1.99   1.45   1.86   3.74  -1.54  -0.71
197301  -4.75  -6.71  -3.63   5.03   1.96  -2.12  -4.26  -1.19  -4.28  -7.42
197302  -4.36  -5.84  -2.14  -7.35  -3.02  -4.62  -6.37  -0.71  -1.97  -6.07
197303  -1.06  -2.82  -0.42   3.05  -1.20   0.54  -5.71   0.78  -2.15  -0.25
197304  -6.19  -5.19  -4.54  -0.98  -6.67   0.88  -8.32  -5.49  -0.60  -7.72
197305  -2.12  -4.19  -1.24  -3.53  -2.58  -0.82  -2.12   1.07   0.36  -4.98
197306  -3.43  -2.53  -0.44   1.63  -0.08  -0.32  -5.72   0.00  -2.49  -0.22
197307   7.46   7.28   6.58   0.30   4.99  -0.32  11.00   6.87  -2.39   9.53
197308  -3.32  -4.00  -1.67  -3.80  -3.69  -3.91  -4.21  -6.89  -2.10  -2.27
197309   5.92   7.84   4.59   9.20  -2.82   7.66   7.42   0.78   7.90   7.17
197310  -2.28  -4.41   0.18   5.17   3.88  -5.55  -3.52   1.83  -3.39  -1.03
197311 -14.30 -16.09 -14.52  -6.20 -11.44  -1.90 -18.68  -7.75 -11.60 -13.36
197312  -1.54  -3.79   0.95   8.66  -4.32   4.56  -0.38  -4.47   3.42   2.41
197401   2.44   6.12   0.48  -7.46   1.24   2.00   6.78  -2.56   4.55   1.15
197402   0.03  -1.05  -0.05  -1.54  -0.60   4.76   0.94  -1.23   0.29   1.01
197403  -1.90  -0.08  -0.85  -3.24  -2.73  -4.59  -3.37   1.22  -3.64  -3.65
197404  -3.72  -4.12  -2.36  -6.31  -3.66  -5.31  -1.94  -1.48 -12.19  -6.39
197405  -2.86   0.44  -2.02  -7.46  -4.20  -1.52   1.19  -0.11  -4.90  -8.41
197406  -0.54  -2.63  -0.31  -0.30  -2.95   0.30  -2.72  -1.61  -6.18  -5.54
197407 -10.17 -11.85  -7.29  -0.52  -8.23  -7.64 -12.85 -14.15   0.77  -6.62
197408 -10.17  -6.62 -10.19  -8.56  -4.91  -0.01 -12.96  -8.04  -8.62 -10.61
197409 -12.20 -12.90 -12.55  -7.95 -16.89  -3.80 -12.03 -15.56  -1.31  -9.61
197410  15.67   4.47  16.17  20.78  14.70  10.85  10.24  29.58  13.01  20.16
197411  -3.85  -4.69  -6.16  -4.25  -4.96  -3.09  -5.69  -1.22  -0.13  -2.77
197412  -0.56  -4.09  -4.44   0.82  -5.23   1.58  -3.34  -3.32  -0.81  -4.36
197501  18.73  21.50  14.52   6.77  15.30  11.08  25.80  -0.74  18.80  17.88
197502   4.04   4.92   8.10   2.26  13.17   5.16   4.98  16.04   0.90   2.86
197503   7.13   6.62   5.08  -2.31   0.97  -0.86  10.51   1.29  -1.32   4.16
197504   3.02   4.11   9.44   7.24   5.58  -0.96   2.57   0.65  -1.61   3.28
197505   5.25   2.57   2.55  12.35   5.90   3.52   4.24   6.52   8.52   5.70
197506   5.21  10.21   3.65   6.25   2.29   4.04   7.58   0.95  10.71   5.95
197507  -5.38  -2.03  -5.85  -4.25  -9.43  -4.21  -7.53 -12.03  -4.78  -6.13
197508  -3.12  -3.47  -0.88  -0.89  -2.97  -3.57  -0.24  -3.32  -1.24  -5.14
197509  -2.44  -2.46  -5.65  -1.16  -0.84  -1.26  -3.51  -6.53  -0.99  -6.30
197510  10.57   8.82   5.64  -1.33   8.39   6.82   9.87  10.68   6.58   3.92
197511   4.11   3.36   3.18  -1.64   5.03   4.26   4.42   5.13   3.15   3.59
197512  -1.50  -0.45  -1.40   0.08  -1.26  -0.12  -3.05  -6.36   1.34  -0.26
197601  10.90  15.62  16.79   8.47  18.28   9.49   9.03   7.73   8.30  12.97
197602  -1.07   3.88   1.90  -3.11   1.17   3.58   4.60  -6.53  -3.52   3.12
197603   0.73   3.53   0.77   7.22   2.92   0.58   3.50   6.53   1.44   1.99
197604  -1.67   1.85  -1.39   2.16  -3.41   1.72  -4.64  -4.30   0.63  -1.54
197605  -2.16  -3.12  -1.23   5.50   0.49  -2.94  -5.69  -2.81  -1.46  -1.72
197606   3.61   4.23   3.96   5.08   8.20   3.59   1.40   3.67   4.25   5.39
197607   1.50  -1.06  -1.86  -0.62  -2.22   1.24  -2.21  -0.38   2.83  -0.06
197608  -0.29  -1.44  -1.57  -0.86  -0.88   4.74   3.02   2.17   2.96  -1.14
197609   1.55   4.49   0.91   5.91   2.86   1.60   0.33   3.62   4.08   0.91
197610  -1.62  -1.16  -3.53  -2.42  -4.50   1.29  -0.87  -3.74  -0.81  -0.43
197611   1.75  -0.71  -0.53   0.82   1.65   3.14   4.96  -9.71   3.14   2.07
197612   5.23   9.67   6.08   6.33   3.85   3.44   2.28   6.26   6.49   8.40
197701  -4.10  -4.19  -5.84   0.29  -3.88   0.10  -7.01  -8.84   0.84  -4.17
197702  -1.38  -3.49  -0.72  -3.01  -0.65   0.99  -1.82  -0.21  -3.40  -1.72
197703  -1.39  -3.34  -0.15  -2.08  -0.03  -1.03  -2.73  -1.79   0.19  -0.09
197704   0.51   3.17   0.59   2.53  -3.46   0.66  -3.46  -5.21   1.94   2.15
197705  -0.94  -0.49  -2.71  -0.41  -1.50   1.44  -2.78  -1.88   1.68  -0.85
197706   4.53   4.29   3.36   6.08   7.77   1.93   6.03   9.03   5.70   5.33
197707   1.23  -2.44  -3.53  -1.80  -0.17  -0.86  -0.18  -2.24   0.87  -0.40
197708   0.11  -0.85  -1.14  -5.77   0.48  -2.26   4.66   3.83  -3.23  -1.21
197709   0.27   1.55  -0.97   0.73  -1.78   3.48  -0.69  -0.89   2.01  -0.07
197710  -3.33  -4.45  -4.37  -3.55  -3.23  -5.06  -3.12  -1.75  -3.14  -4.44
197711   4.57   1.97   4.19   3.45   5.24   2.18   5.48   6.08   4.28   6.49
197712   0.01  -0.75   0.84   1.89   2.38   2.15  -1.34   0.62  -0.33   0.61
197801  -5.31  -6.86  -5.92  -6.93  -4.75  -4.16  -6.89  -1.92  -4.53  -5.33
197802   0.12   0.40  -2.44  -1.08  -3.46   4.14  -0.45  -3.00  -0.41  -0.15
197803   4.16   6.09   3.81   2.06  -0.61   2.62   2.72   4.17   2.47   5.46
197804   6.94   9.60  11.41   6.71  13.30   2.93  10.93   9.25   0.18   9.36
197805   4.23   0.20   4.27   0.88   1.67  -0.39   1.24   5.17   0.71   2.62
197806  -0.25  -2.80  -1.53  -3.74  -0.35  -1.53  -1.94   1.14   0.84  -0.34
197807   3.53   4.70   7.66   3.35   8.58   1.42   5.04   8.86   2.82   6.63
197808   4.14   2.99   3.90   5.09   6.02   3.55   5.64   0.99   0.44   6.34
197809  -0.40  -0.50  -2.09   4.77  -4.16   1.21  -2.64  -2.75  -0.23  -1.25
197810 -11.58 -11.17 -11.41 -10.60 -10.84  -4.47 -14.03 -12.84  -7.10 -14.10
197811   2.15   0.73   3.04   6.17   5.10   2.99   2.56   5.19   3.02   2.53
197812   1.69  -0.61   1.51   2.81   6.41   0.09  -0.64   3.41  -1.24   1.29
197901   4.19   5.07   6.26   3.11   4.31   3.65   5.67   1.42   6.38   6.07
197902  -3.53  -3.58  -4.48   0.63  -3.32  -0.63  -4.33  -4.52  -1.61  -3.27
197903   4.07   6.61   7.29   9.36   7.61   0.15   5.98   5.04   2.35   8.19
197904   0.20   2.96  -0.34   4.33   0.33  -2.15   0.73   0.43  -2.71   1.55
197905  -1.77  -0.71  -2.29  -2.43  -1.96   0.10  -2.59  -2.64   1.45  -0.08
197906   3.31   3.00   3.47   9.27   0.50   1.92   2.84   4.83   4.98   6.99
197907   2.03   2.06   2.08   1.59  -1.51  -0.12   1.14   0.15   2.08   3.32
197908   7.54   4.71   7.52   7.88   5.94   1.53   8.87   8.56   2.04   5.82
197909  -1.87   0.42  -0.74   5.93  -1.75  -2.39  -0.79  -0.55  -2.17  -0.72
197910  -7.66  -9.41  -8.84  -2.55  -7.73  -5.01  -8.84  -4.34  -5.80 -10.17
197911   5.14  -2.19   4.96   8.92   8.17   4.03   3.88   8.77   7.74   7.04
197912   3.38   3.36   4.40   2.48   1.80  -1.54   3.00   2.08  -0.99   4.15
198001   3.12   9.08   7.04  14.22   7.37  -2.06   0.88  -1.29   1.56   5.54
198002  -4.84  -6.29  -2.63  12.94  -3.55  -1.47  -4.90  -4.63  -3.39  -3.38
198003  -8.13  -8.79 -11.72 -17.89 -12.67  -2.61  -8.40  -2.82  -6.59 -12.26
198004   6.49  -1.77   3.25   6.86   0.72   7.32   3.40   4.29  12.01   6.04
198005   7.94   4.33   6.17   4.09   4.82   5.00  10.77   6.96   4.59   8.12
198006   3.00   2.78   2.42   5.82   3.03  -0.58   2.44   0.22   4.54   5.14
198007   7.76  11.73  10.76   2.02  15.49   1.00  10.63   8.88  -0.10   6.91
198008   1.43   1.49   1.74   3.66   3.66   6.30   1.97   0.27  -1.17   2.75
198009   0.26   0.98   3.03   6.53   1.99  -1.61   1.11   3.62   0.15   3.83
198010   0.29  -1.72   0.37   7.73   1.97  -3.25  -1.56  -1.24   1.94   1.69
198011   0.91   4.91   8.58  24.29   9.81   0.09   2.75   8.86   7.38   7.65
198012   1.00  -1.09  -2.13 -10.60  -1.17   0.84  -1.40   4.59  -1.95   0.02
198101   2.01  -2.24  -2.05 -10.15  -8.09   5.52   0.45  -1.61  -2.57  -3.24
198102   2.49   6.44   4.39  -0.44   0.46   2.15   2.89   1.85  -1.27   1.72
198103   6.92   6.99   5.87  -2.26   5.00   1.17  12.69   5.90   2.98   8.41
198104   1.16   1.88  -0.84  -7.54   0.17   6.21   3.04   3.03  -2.68   0.87
198105   2.65   2.86  -0.31  -3.87   4.23   7.13   2.71   3.44   1.82   2.83
198106  -0.21  -4.28  -1.38   4.70  -6.72  -1.92  -1.57  -5.58   3.44  -1.38
198107  -0.64  -2.91  -2.77   7.93  -3.80   0.37  -3.28  -3.90   2.80  -2.72
198108  -5.08  -7.90  -6.90  -6.26  -7.31  -0.81  -5.57  -7.73  -0.84  -5.51
198109  -2.18  -2.97  -7.03 -12.27  -3.90   2.84  -3.49  -1.28  -5.52  -5.45
198110   7.41  -4.14   3.77   9.93   5.21   6.02   6.80   7.95   4.89   7.16
198111   2.65   4.86   4.30   6.91   1.51   2.71   1.03   3.92   5.92   5.06
198112  -1.81   0.48  -1.54  -6.52  -0.04  -1.46  -2.08  -0.73  -2.34  -3.77
198201  -0.93   1.18  -3.20  -8.45   2.73   0.68   0.15   1.44  -0.67  -3.23
198202  -1.96  -2.04  -5.75 -11.07  -5.30  -5.68  -1.43  -1.79  -0.35  -3.91
198203   2.45   3.48  -1.75  -3.66  -3.58   2.05   4.36  -2.56   1.66  -1.30
198204   6.68   4.43   3.16   4.35   7.45  -0.18   5.49   7.41   3.84   3.70
198205  -3.26  -1.91  -4.62   2.32  -5.42  -1.02  -2.78  -3.04  -0.52  -5.48
198206   1.67   2.64  -2.61  -6.22  -2.38  -2.46   2.87  -0.75  -2.21  -2.41
198207  -0.46  -0.33  -2.31  -7.91   1.53   1.21   0.11   0.79  -2.58  -3.01
198208   9.17  13.73  13.82   9.69  12.79  10.84  12.52  12.37  12.02  11.36
198209   5.25  -0.73  -1.05   1.78   1.17   0.98   4.60   1.36   1.07   4.17
198210  10.59  16.55  12.98   5.58  17.00   8.11  16.95   8.20   4.73  15.78
198211   5.17   8.24   5.66  -4.40  10.71   5.95  11.05   5.20   0.16   7.67
198212   0.98   3.04   0.82   5.54   2.67  -1.24  -2.14   0.58   4.32  -1.35
198301  -1.01   5.17   5.09   3.63   8.39  12.45   1.39   1.42   3.67   2.84
198302   3.80   3.63   4.05  -0.58   3.57  -0.37   8.03   2.84   1.59   4.54
198303   7.48  -1.14   2.15   5.95   0.69   0.65   8.55   4.52   0.27   4.96
198304   6.21  10.88   6.32   9.37   7.52   5.14   8.64   5.05   4.76   8.23
198305  -0.95  -2.07   2.17   1.35   2.78  -1.33   0.39  -2.73   2.59   2.45
198306   3.00  10.40   1.64   6.41   6.13   0.17   6.15   6.92  -0.54   1.63
198307  -2.64  -3.90  -2.51  -2.33  -5.32  -5.17  -3.33  -5.63   1.04  -3.64
198308   0.71  -2.38   0.65   6.79  -1.09   2.20  -4.84  -1.04   1.52  -0.89
198309   4.65   4.38   2.38  -4.63   2.13   2.26   2.27   1.29   4.66   1.58
198310  -0.19   0.05  -2.28  -2.08  -6.96  -5.20  -1.65  -2.18   3.07  -4.07
198311   2.29   4.24   6.32  -0.42   2.33   3.17   4.42  -3.06  -1.61   4.72
198312  -0.49   0.91  -1.00   2.08   0.35  -1.54  -4.71  -3.57  -3.70  -0.87
198401  -0.69  -5.36  -3.48  10.08  -6.23   4.10  -5.91  -0.59   1.45  -1.65
198402  -5.71  -6.10  -6.60   3.85  -5.92  -3.68  -4.48  -2.01  -3.33  -4.91
198403   1.64   0.35   3.18   0.26   1.80  -4.24   1.23  -0.68  -0.30   2.44
198404   0.57   1.32   0.00   3.96  -0.43   2.18   0.27   2.31  -0.47  -2.06
198405  -2.40  -5.77  -5.75  -5.04  -5.57  -3.50  -5.18  -6.49  -0.80  -6.87
198406   6.33   2.11   3.22  -2.18   1.79  12.28   7.45   3.84   0.46   2.22
198407  -1.60   2.53  -1.54  -7.47  -2.45   2.79   0.11  -3.79  -0.01  -1.82
198408   8.70  10.01  11.99  13.97  13.96   6.73   9.90  10.43   7.76  11.17
198409   1.26  -0.20  -2.50   2.24  -3.99   2.90   0.03  -4.43   4.82   2.25
198410   1.40   2.15   0.52  -4.48  -0.49  -0.82  -0.73   1.64   3.35   0.73
198411   0.36  -3.02  -1.42  -1.01  -3.83  -0.25  -2.87  -0.08   3.05  -0.31
198412   2.49   4.61   2.17  -0.54   2.53   5.12   0.71   2.73   2.64   3.73
198501   4.90   9.84   8.46   6.56  12.58   5.85  13.25   8.34   2.38   9.81
198502   5.07  -1.57   1.37   3.87  -1.32   2.69   2.07   3.58   1.38   2.14
198503   4.62  -5.26  -2.73   1.44  -6.02   5.47  -0.59   3.06   6.09  -0.15
198504  -2.13  -3.45  -1.52   3.79  -3.63   0.89   0.08  -1.80   1.61   1.42
198505   8.00   5.93   6.13   0.74   2.83   6.64   9.62   9.49   5.45   6.33
198506   2.75   1.50   1.53  -0.77  -0.69   4.09   1.58   2.30   3.63   2.97
198507  -2.61   2.39   3.46  -0.59   4.40  -4.52  -4.05  -0.43  -4.70  -0.18
198508   0.73  -2.64  -1.13   1.53  -2.53   0.52  -0.65  -0.82   1.92  -0.50
198509  -0.64  -3.28  -3.95  -1.26  -4.73  -4.21  -4.36  -3.92  -5.35  -4.96
198510   3.59   0.85   3.30   5.84   3.03   4.08   6.81   3.21   6.31   6.39
198511   8.56   9.94   7.83   0.29   8.66   7.41   7.91   9.74   4.24   7.43
198512   5.47   7.18   4.56  -2.81   8.28   6.15   4.60   3.52   4.85   4.50
198601   1.78   2.14   1.55  -6.69  -0.29  -3.97   1.47   1.08   3.79   3.57
198602  10.82  10.90  10.20   0.81   4.97   7.39   7.70   6.08   6.57   8.38
198603   8.09   7.86   6.02   0.75  -0.08   3.84   8.63  12.08   3.96   5.76
198604   0.42  -3.51  -1.70   0.79   3.92   2.45   0.24   0.71  -3.95  -2.62
198605   8.88   3.15   4.45   7.29   0.97   4.85   9.81   7.27   3.62   4.71
198606   6.28  -1.29   0.02  -2.11  -3.96   5.37   3.79   5.64   5.05   1.50
198607  -5.74  -9.09  -7.59  -5.18  -8.34  -2.99  -9.51  -5.38   5.15  -6.46
198608   2.58   7.50   6.37  16.74   6.99   6.83   1.72   4.00   7.90   6.85
198609 -10.84  -8.15  -6.56  -0.91  -7.10  -9.42  -8.40 -12.61  -9.09  -8.88
198610   8.90   6.47   6.45   2.02   0.57   4.64   7.44   7.97   5.26   4.21
198611   0.72   4.85   2.52   3.03   3.56   3.98   1.78   1.33   0.54  -0.66
198612  -3.22  -2.22  -1.96  -0.46  -3.68  -3.70  -6.27  -1.24  -3.30  -2.53
198701  14.57  18.71  14.26  13.94  16.54   5.30  11.58  13.16   9.29  11.13
198702   5.61   3.46   4.73  -1.74   9.43   0.03   9.87  11.31  -2.14   4.69
198703   1.14   4.65   3.34  11.76   2.63   1.40   1.74   0.13  -1.66  -0.33
198704  -3.68   4.04  -1.55   0.01   4.41  -2.45  -2.84  -2.45  -4.34  -4.14
198705   2.64  -1.49   0.58   3.16   0.29   3.34  -0.12   1.24  -1.85  -0.02
198706   6.78   2.88   5.19   5.69  -0.02   7.04   6.50   4.77   3.40   4.64
198707   5.72   6.98   7.19   3.28   1.00   5.85   5.90   5.77  -1.67   3.62
198708   3.69   5.69   2.76   1.79   7.45   5.15   3.31   2.20   3.70   4.31
198709  -2.82  -3.97   0.49  -3.87  -2.69   3.31  -6.36  -2.56  -2.31  -1.80
198710 -21.03 -26.92 -27.33 -18.39 -25.93 -12.27 -28.24 -20.47  -6.93 -23.67
198711  -8.02  -8.51  -5.17 -10.59  -9.83  -8.89  -8.46  -9.31  -2.52  -6.61
198712   7.56   8.60  10.85   6.60  11.92   3.93   8.51   5.35   0.56   5.41
198801   3.03   4.43   0.32   8.67  -2.49   9.98   5.66   6.38   9.76   6.34
198802   6.03   6.28   7.65   3.51   7.45   1.24  10.52   4.20  -1.43   4.32
198803  -1.53  -4.20  -1.19   2.48  -4.67  -3.96  -1.11  -2.56  -3.17  -1.32
198804  -0.13   2.93   1.64   4.51   2.62   0.73   1.62  -1.99  -0.29  -0.40
198805  -0.29   1.24  -0.39  -0.52  -1.33   2.34  -1.37  -0.26   3.58   0.96
198806   3.39   8.27   7.52  -2.03   9.44   2.91   6.68   2.68   3.23   6.04
198807   1.67  -0.84  -2.36   3.47  -5.11   0.16  -0.81   0.54  -0.23  -0.54
198808  -0.16  -6.66  -4.44  -1.47  -8.20  -2.89  -2.56  -1.09  -0.12  -0.85
198809   6.54   3.92   3.43  -2.40   2.85   7.06   8.12   3.80   2.67   4.15
198810   8.07   3.35   0.74   1.81  -0.02   2.97   1.70   1.21   2.52   0.01
198811  -1.17  -0.96  -2.16  -0.33  -3.15   0.05  -2.79  -2.15  -0.48  -2.21
198812   3.52   0.30   3.11   1.81   4.88   1.25   1.50   1.82   1.05   0.88
198901   5.65   7.60   7.52   6.35   7.13   8.35   6.35   6.80   2.73   6.84
198902  -1.44  -2.96  -2.10  -1.33  -3.76  -1.37  -1.80  -1.16  -1.83  -0.46
198903   5.52  -1.35   1.19   3.79  -5.49   5.20   2.84   4.95   0.55   3.54
198904   5.68   0.49   5.34   2.58   5.17   9.69   5.52   5.41   3.94   4.57
198905   5.32   2.31   3.65   2.82   2.47   5.89   5.25   3.42   5.36   4.27
198906   1.50   1.30  -2.67  -0.98  -3.29   0.19  -2.19  -2.77   3.38   0.91
198907  11.96   5.23   7.62   3.76   2.96   9.12   9.14  13.91   5.80   8.14
198908  -1.97   5.17   4.39   3.38   2.53   0.80   2.64   0.39  -0.80   3.26
198909  -0.58  -4.50  -2.57   1.40  -2.68   4.02  -2.25   2.42   0.48   1.48
198910  -2.45  -5.70  -4.39   0.46  -4.43  -1.93  -4.06   0.38   1.00  -4.87
198911   1.68  -1.09   3.07   3.92  -1.79   2.12   1.36   4.56   3.23  -0.07
198912   1.38  -1.45   2.99   5.87  -1.12   5.86   1.26   1.04   4.79  -1.64
199001  -9.47  -3.87  -6.30  -4.12  -1.29 -13.04  -6.19  -7.31  -5.34  -8.96
199002  -0.54   5.05   2.55   3.04   4.11  -0.26   1.84  -2.07   0.22   2.53
199003   4.64   2.88   3.88  -0.49   4.46   4.26   5.32   3.84  -0.75  -0.44
199004  -0.18  -4.06  -2.77  -3.60  -2.03  -3.27  -1.88   0.30  -5.51  -3.42
199005   9.07   7.72   8.08   5.95  12.57   9.23  11.63  12.79   5.42   9.13
199006   2.07  -2.19  -0.60  -2.09  -1.17  -4.73   1.67   4.43   0.75  -1.65
199007  -0.81  -3.43   0.21   8.19  -7.36  -4.41  -4.04   2.58   0.88  -3.57
199008  -7.36 -14.27 -12.02  -1.24 -12.01 -10.41 -12.08  -6.80  -6.62 -11.33
199009  -4.07 -10.57  -8.03  -1.61  -6.64   1.84  -8.42  -4.36   0.48 -10.05
199010   2.50  -3.25  -1.76  -4.16  -3.41   3.01  -3.02   1.43   7.23  -6.42
199011   6.55   4.13   7.37   1.63  11.30   2.12  10.42   9.45   2.29  10.65
199012   4.39  -0.42   4.83  -2.19   4.16   1.52   3.40   2.76   0.78   5.50
199101   5.12   7.32   6.35  -2.02  15.01   0.02   9.37   4.55  -1.37   7.48
199102  10.30  10.24   5.96   8.45   6.59   3.24   8.07   9.87   4.83   9.76
199103   4.80   1.18   1.35   1.27   1.31   2.15   8.63   5.45   1.71   3.03
199104  -0.99  -2.29   0.40   2.52  -2.88   1.14   1.97  -1.13  -0.03   1.36
199105   3.60  14.75   7.45  -1.37   3.52  -1.47   7.60   4.67   0.16   5.01
199106  -4.94  -4.47  -4.21  -3.68  -8.78  -1.49  -4.17  -4.19  -2.38  -5.24
199107   5.76  -0.44   3.16   4.98   4.67   3.11   5.38   8.50   3.99   4.74
199108   5.47  -2.16   1.91   1.65   2.85   0.67   3.66   2.92   3.52   3.20
199109  -3.23  -2.66  -2.34  -0.68  -1.34   0.37  -3.17  -0.37   3.71  -0.63
199110  -0.57  -2.02   1.50   2.03   2.00   1.91  -1.96   6.54   1.24   2.28
199111  -0.42  -7.99  -5.47  -7.65  -4.38  -4.75  -1.13  -2.48   1.89  -5.40
199112  14.73   7.61  11.52   1.99   9.17   9.93  13.07  16.54   5.00  12.74
199201  -3.10  10.51   2.20  -4.15   6.70  -2.87   0.24  -5.45  -4.56   2.03
199202   1.05  12.33   2.04  -0.53   3.87  -1.45   2.63  -2.67  -1.23   3.10
199203  -1.51   0.80  -1.24  -2.74  -5.19  -0.83  -1.31  -5.52  -0.54  -2.15
199204   0.75   7.92   3.03   9.43  -1.03   7.05  -3.50  -2.29   2.69   0.57
199205   1.31  -1.92  -0.51   3.20   0.02  -2.46   0.20   1.06   2.54   1.49
199206  -2.80   2.18  -3.33  -3.47  -4.17   1.33  -1.87  -4.75   0.54  -0.06
199207   4.67   0.28   2.98   5.33   2.96   5.44   3.81   5.73   6.72   3.13
199208   0.87  -9.60  -3.57   2.56  -4.53  -0.97  -0.53  -3.30  -0.46  -3.46
199209   1.06   0.11   1.76   0.14   3.40   1.91   4.05  -4.97   0.82   3.42
199210  -0.81  -0.02   0.86  -3.47   2.12  -0.54   4.32   3.33  -0.42   2.95
199211   3.61   8.57   3.92  -2.65   6.38   3.88   7.13   4.83  -0.23   6.12
199212   0.06   3.34   1.48   1.92   0.01   5.65   0.62  -1.37   2.69   3.80
199301  -0.80   9.62  -0.05   2.75   4.87   1.33   0.00  -6.83   2.45   3.37
199302  -2.15  -0.29   1.72   6.04  -0.35   5.71  -1.49  -8.95   6.22   0.36
199303   0.01   5.36   2.24   4.10   2.21   3.27   2.73   0.72   1.77   3.76
199304  -9.31   2.42  -0.04   1.17  -3.75  -2.86  -8.16   1.28  -0.17  -3.28
199305   2.66   1.05   2.34   1.75   8.80   4.16   5.93   3.58  -0.04   1.64
199306  -0.70   3.45  -0.16  -1.15  -0.41   4.64  -2.87  -2.98   3.19   2.30
199307  -2.36   1.51  -0.01   0.47  -3.87   2.14   0.68  -6.09   1.94   2.06
199308   4.28   0.46   3.45   4.24   6.45   5.24   3.93   3.01   3.68   3.47
199309  -1.82   1.01  -1.93   1.42   1.33  -0.49  -0.41   0.89  -0.64   1.77
199310   6.04   7.70   3.15  -1.89   1.60   2.42   4.66   5.95  -1.96  -2.36
199311   0.68   0.68   1.17  -5.92  -0.06  -5.95   0.61   0.96  -5.52  -2.85
199312   1.47   4.44   3.75   0.54   2.97  -0.53  -2.14   2.34   1.61   2.53
199401  -0.42   7.16   4.84   4.85   4.69   2.16   0.70   1.77  -1.21   4.38
199402  -1.27  -4.43  -0.62  -2.96   1.62  -5.50   1.94  -5.62  -4.96  -3.89
199403  -4.02  -6.47  -4.38  -3.64  -3.91  -3.60  -4.65  -6.75  -3.92  -4.25
199404   1.22  -0.59   0.09   4.15  -1.60   1.57   0.28   2.27   2.12   1.35
199405  -1.35  -2.65   2.06   0.88   2.01   1.63  -1.92   4.30  -5.35   3.03
199406  -1.89  -3.42  -2.59  -2.65  -5.25   0.62  -2.57  -3.43  -3.11  -2.56
199407   2.95   3.56   4.60   3.29   3.84   3.09   0.89   1.05   5.16   2.67
199408   6.07  -0.09   4.73  -0.04   9.37   1.08   4.46  10.82   0.66   3.47
199409  -0.33  -5.08  -1.67  -2.09  -0.44  -1.22  -2.25   1.73  -2.77  -4.29
199410   2.19  -1.74   0.61   7.37   7.32  -0.12   1.27   0.90   1.56   0.15
199411  -1.67  -5.05  -5.46  -4.86  -2.12  -5.44  -3.39   0.48   0.26  -5.19
199412   1.33   3.88   4.02  -0.98   2.42   0.88  -2.76   0.54   0.35   1.44
199501   1.82  -5.77  -0.41   0.36  -0.80   4.16   1.57   6.16   6.22   4.76
199502   2.98   5.13   5.55   4.47   6.77   1.51   2.59   2.24   0.82   4.83
199503   2.74   1.43   3.52   5.27   4.57   0.25   3.59   2.80  -1.75   1.94
199504   1.90   1.44   2.96   2.33   8.27   1.62  -1.70   3.02   2.38   1.71
199505   4.78   4.78   3.18   4.08   3.01   0.93   2.70   1.66   6.01   4.48
199506   1.68   0.75   2.11  -3.09   9.90   3.89   4.95   4.51  -0.46   2.17
199507   1.17   2.64   3.60   2.31   7.91   5.04   3.57   5.49  -0.38   4.78
199508   0.65   0.76  -0.17  -1.60  -0.07   4.41  -2.76   1.03   0.98   3.79
199509   6.74  -0.52   2.18   1.30   1.36   5.76   2.84   7.39   6.24   4.54
199510   0.56  -4.79  -2.66  -0.26   1.42   0.15  -5.53   1.07   1.47  -2.03
199511   4.52   5.42   6.51   4.77  -0.70   2.66   6.17   4.98   1.57   6.16
199512   1.52   3.16   1.41   5.80  -4.33   4.12  -0.85   5.98   5.06   1.11
199601   2.61   3.51   3.33  -0.37   1.82   2.33  -0.30   5.95   1.90   3.51
199602   3.22   2.00   0.91   1.04   6.48  -2.50   4.34  -1.06  -2.60   2.22
199603  -0.83   4.33   3.36   5.00  -3.44  -2.01   5.97   0.31  -0.46   1.75
199604   0.15   3.53   1.69   3.46  10.15   2.86   4.24  -0.61  -2.57   0.19
199605   6.56   2.23   2.30   0.46   3.98  -0.01   4.36   3.92   1.34   1.57
199606   3.18  -4.93  -0.47   0.94  -4.96   0.57  -1.68  -0.21   5.21  -0.21
199607  -4.06  -4.22  -3.99  -4.70  -7.60  -8.49  -7.55  -6.27  -5.81  -4.29
199608  -0.78   3.15   3.21   2.99   4.42  -1.33   5.94   4.30   2.89   3.91
199609   3.76   2.48   6.12   4.02  10.61   1.77   3.59   7.38   0.68   5.15
199610   1.62   0.13   1.59   5.90  -1.23  -0.46  -2.27  -0.84   3.60   3.95
199611   5.13   6.02   6.11   5.55  12.01   5.49   3.21   6.59   2.60   7.49
199612   0.53  -3.19  -0.42   0.80  -2.57   2.89  -3.54  -2.61   0.13  -1.87
199701   5.69   3.17   4.23   4.34   9.42   2.34   0.19   9.58   0.92   6.05
199702   4.13   0.34   0.73  -5.76  -7.53   2.56   3.03   0.88  -0.58   2.59
199703  -5.21  -3.91  -3.66   5.22  -5.57  -7.85  -1.32  -7.52  -2.78  -5.83
199704   5.33   2.24   5.38   0.04   8.14   2.57   2.22   6.09  -1.38   5.09
199705   5.92   6.65   7.82   7.35  10.17   6.56   5.94   7.03   3.78   6.18
199706   3.59   3.94   5.19   1.31   1.31   3.46   5.03   8.88   3.07   5.24
199707   3.34   7.42   7.21   7.42  16.00   2.52   7.86   2.10   2.82   9.21
199708  -6.39   1.28  -5.51   0.29  -1.39  -2.53  -2.55  -6.11  -1.16  -4.83
199709   5.56   5.31   3.35   6.32   3.45   9.73   5.21   6.63   4.65   8.03
199710  -3.16  -3.28  -5.89  -2.02  -8.28   3.15  -2.15   0.20   0.94  -2.71
199711   6.51  -1.59   4.22  -3.58   1.45  10.45   5.42   2.84   7.12   2.97
199712   3.78   3.97  -0.15  -1.49  -4.24   4.26  -0.28   3.55   7.95   5.22
199801  -2.75   0.50   0.71  -5.74   5.27   5.17   0.95   5.67  -4.39  -1.96
199802   4.93  12.27   7.14   6.83  10.35   2.38  10.41   5.50   2.64   8.31
199803   5.87   6.15   4.85   4.80   1.31  10.12   6.58   3.58   6.76   5.94
199804  -3.24   0.92   1.23   3.78   5.18  -3.17  -0.55   1.92  -2.52   1.98
199805   1.10   7.07  -2.45  -4.23  -7.03  -1.92   2.18  -2.52  -0.88  -2.99
199806   4.17   1.67  -0.60  -1.39   8.78   3.05   4.99   6.19   2.80   3.28
199807  -4.16  -1.24  -5.74  -6.84   0.47   3.93  -2.90  -0.25  -5.40  -1.81
199808 -13.09 -18.79 -14.33 -10.45 -17.66 -11.80 -14.23 -12.35   1.93 -21.31
199809   1.30   1.03   0.62  13.01  15.18  10.16   1.43  12.02   8.17   2.76
199810  10.90  11.04  11.27   1.26   6.24   6.86  10.77   3.88  -1.77   9.07
199811   6.41   5.32   3.57   0.39  11.70   3.61   9.51   6.20   1.34   6.11
199812   0.33   3.89   2.30  -1.21  15.23  14.35   9.25   5.00   2.86   3.60
199901  -3.49   5.20   0.57  -5.57  15.12   8.95   2.23   0.23  -6.23   0.96
199902  -3.98  -4.61  -2.02  -3.18 -11.49  -2.89  -1.38   0.17  -3.63  -0.01
199903  -2.03  -0.25   4.74  15.42   8.40  -0.96   2.64   2.51  -1.63   2.35
199904   3.92   9.73   9.32  15.86   2.25   7.74   0.38  -5.53   7.35   6.78
199905   1.36  -4.61  -3.23  -3.10  -0.73   1.03  -3.06  -2.03   6.71  -3.68
199906   0.27   0.93   4.54  -1.42  11.62   5.82   8.22   4.51  -4.47   3.08
199907  -2.45  -5.85  -1.00   1.80  -1.64  -1.88  -5.03  -4.41  -0.56  -5.96
199908  -4.58   0.63  -0.33   1.86   5.51  -7.97  -5.99   3.70   0.62  -5.00
199909  -6.85  -8.45  -2.83  -4.04  -0.22   4.08   1.27  -7.08  -4.26  -4.49
199910   6.56   4.34   4.39  -1.52   3.03   8.77   3.20  10.76   2.14  11.63
199911  -1.13  -2.08  -0.99   3.86  12.73   4.43   4.09   1.54  -7.44  -2.41
199912  -2.62   2.66   9.83   0.92  20.46   2.94   6.62  -5.60  -2.39   1.40
200001  -4.73  -1.27  -7.99   1.22  -5.13  -3.54 -10.98   7.61   5.73  -4.71
200002  -6.30  -8.23  -4.16  -5.19  18.12  -4.10  -4.09  -2.65  -7.16  -7.23
200003   7.42  10.60   8.34  11.87   4.17   7.68  13.35   0.06   5.94  14.41
200004  -1.96   8.80   0.98  -2.04 -10.46  -7.62  -4.28   5.24   7.48  -3.13
200005   7.09 -12.50  -1.47   9.28 -10.75 -10.76  -2.76   3.95   3.97   3.35
200006   2.19  -9.05  -1.14  -4.87  12.63   4.06  -2.21  11.56  -4.72  -2.93
200007   0.80   4.85  -0.59  -2.63  -5.19  -7.51  -1.27  -6.18   4.21   5.35
200008  -2.10   5.36   7.31   8.90  12.66  -1.40  -2.39   3.73  11.76   9.27
200009   3.67  -4.31  -5.94   4.31 -14.87  -3.36   2.69   3.76   9.16   0.31
200010   7.70   2.47   3.93  -3.07  -7.46  -0.26  -1.75   2.48  -1.81  -1.33
200011   2.76 -11.53  -3.43  -2.97 -23.20 -15.45  -1.05   0.52   3.06  -6.02
200012   5.48  -0.18   6.78   7.77  -8.02  -4.56   5.69   3.53   6.61   7.13
200101  -2.19  13.40  -0.12  -3.33  16.11  14.37   6.41  -8.87 -10.77   0.02
200102   0.14  -1.16  -4.47   0.10 -26.13  -9.84  -5.35  -0.59   6.16  -4.32
200103  -4.78  -2.87  -7.20  -0.31 -13.86  -5.78  -2.88  -8.58   1.24  -4.48
200104   0.91   8.59   8.53  10.32  18.07   2.69   5.63   4.15   5.54   6.05
200105   3.40  -1.62   2.56   0.08  -3.27  -1.37   1.60   3.06   0.24   3.64
200106  -1.51   3.73  -4.63  -7.72   1.44  -3.11  -2.60  -2.74  -6.05  -0.05
200107  -0.12   3.26   0.58  -2.55  -7.60  -0.56   4.58   2.30  -3.69  -2.24
200108   2.49 -11.23  -2.03  -3.63 -12.69  -9.30  -6.98  -3.09   0.27  -5.29
200109  -2.97 -16.95 -12.77  -5.67 -19.00  -1.97  -9.45  -0.61  -6.85  -8.08
200110   1.24   0.99   3.91   4.88  15.74  -9.67   1.57   1.23   1.90  -0.73
200111   2.19  15.46   8.42  -4.11  15.95   5.80  10.05   5.07  -1.84   7.69
200112   1.91  -0.71   2.60   6.19  -0.64   2.55   4.48  -2.79   3.66   3.54
200201   1.46   2.98   1.57  -3.01  -0.54  -6.94   2.67  -2.47  -4.37  -3.00
200202   4.28   3.11   4.42   5.20 -13.24  -2.21  -0.19  -0.47  -0.25  -0.61
200203   4.01   6.88   4.93   7.85   6.50   0.12   2.03   0.56  10.33   5.29
200204   2.47   1.79  -1.45  -4.34 -11.85 -12.95  -1.41  -7.61  -1.06  -3.54
200205   1.27  -0.32  -0.27  -0.60  -3.76   3.20  -1.26  -2.31  -7.38  -0.34
200206  -5.83  -8.11  -3.08  -0.46 -12.19 -14.02  -5.09  -9.68  -5.88  -5.62
200207  -6.62 -12.13  -8.59 -11.99  -9.75 -11.79 -11.33  -2.61 -12.42  -6.34
200208   2.24   0.55  -1.24   0.59  -0.93   0.13   1.86   0.67   3.38   1.36
200209  -7.67 -10.92  -8.35  -8.08 -16.67  -9.64  -9.41  -5.89 -10.90 -10.54
200210   5.06  -3.12   3.87   3.27  19.52  22.12   5.74   5.74  -0.66   6.35
200211  -1.09  11.88   6.38   3.12  16.28  11.76   1.87   3.78   1.62   4.32
200212  -0.25  -7.12  -3.78   0.77 -13.00  -9.44  -6.96  -4.14   3.84  -4.78
200301  -3.94  -3.12  -4.13  -2.42  -1.47  -4.01  -4.79  -0.58  -3.21  -2.44
200302  -2.88  -4.97  -2.16   2.00   1.14  -6.61  -1.23  -1.85  -3.96  -2.76
200303  -2.60  -2.62   1.22   1.18  -0.97  -0.65   4.62   3.81   4.37   0.90
200304   4.39  14.94   6.41  -0.57   9.21  11.49   8.93   4.34   7.47  11.76
200305   9.51   2.88   4.67   8.94   9.88   6.29   3.45   4.06  10.13   5.30
200306   1.64   2.83   0.53  -1.19   0.34   1.91   3.46   4.12   0.68   0.95
200307  -1.68   6.65   4.98  -2.76   5.61  -1.91   3.29   0.40  -5.21   3.52
200308   0.30   7.89   4.21   6.30   6.06   1.19   6.74  -2.76   1.90   0.73
200309   1.13  -4.07  -3.81  -2.33  -0.89  -5.65  -4.54   0.23   3.88   0.25
200310   5.94   6.91   8.90   1.55   8.26   6.81   9.02   0.73   1.54   6.31
200311   3.61   3.07   2.06   0.63   1.87  -0.70   0.54   1.76   0.94   1.26
200312   3.44  12.23   6.76  13.62   2.10   7.65  -2.13   5.66   5.85   4.38
200401   0.06  -1.07  -0.62   0.44   4.53   1.41   0.45   3.09   1.92   2.88
200402   4.25  -0.07   1.95   4.69  -2.92  -0.52   6.09   0.89   2.07   2.16
200403  -0.09  -1.15  -0.27  -0.13  -2.55  -2.07   0.29  -3.96   1.13  -0.63
200404   1.42   2.30  -0.17   2.52  -4.91  -0.48  -2.70   3.54  -3.55  -3.76
200405  -1.89  -1.64   1.61   0.39   4.85  -2.95   0.30  -0.42   1.28   1.86
200406   1.66   5.05   5.34   5.56   2.62   0.82   0.04  -0.49   2.01   1.40
200407  -5.98  -4.69  -4.02   3.24  -8.50  -1.09  -4.03  -5.95   1.06  -2.32
200408   0.77  -2.31   1.27  -1.27  -4.40   1.13  -1.20   1.63   3.66   1.89
200409  -2.01   2.44   1.92   8.94   3.33   1.39   2.61  -1.37   1.42   1.12
200410   2.82  -2.66  -1.42   0.66   5.03   3.46   3.06  -2.42   4.22   1.12
200411   4.60   7.16   7.23   6.61   5.85   3.55   3.67   0.64   4.93   4.73
200412   4.79   4.86   2.57  -2.13   3.18   4.22   3.50   5.67   2.41   4.45
200501   0.21  -6.70  -1.80   3.05  -6.15  -4.21  -1.07  -4.08   1.75  -2.19
200502   0.71  -0.28   4.18  19.07  -0.19  -0.30   0.83   2.44   2.33   0.14
200503  -0.85  -7.59  -1.48  -3.22  -2.42  -0.14   0.05  -0.49   0.59  -2.38
200504  -0.96 -11.02  -4.68  -5.76  -4.56  -2.00  -5.28   3.93   2.09  -1.62
200505   2.35   8.67   2.88   2.19   7.73   1.46   6.43   1.50   1.73   3.28
200506  -1.68   1.78  -1.23   5.89  -1.55   0.05   2.44  -0.59   5.55   1.40
200507   2.67   5.20   5.85   6.17   6.12   3.09   5.81   3.72   3.01   2.38
200508   0.08  -2.67  -1.32   5.71  -0.54  -1.25  -5.62  -0.28   1.18  -1.65
200509   0.35  -4.81   0.81   7.05   0.65  -1.47  -1.80  -1.86   4.38   1.20
200510  -1.51  -4.15  -2.46 -10.00  -1.85  -2.98   1.55  -3.27  -6.85   1.28
200511   1.00   2.25   5.31   1.36   6.51   2.62   3.95   1.60  -0.20   4.90
200512  -0.08  -0.63   1.45   0.75  -1.86  -1.66  -0.59   2.38   1.24   0.18
200601   0.05   6.14   5.13  12.68   3.76   3.82   2.01   2.16   3.06   1.58
200602   1.13  -0.28   1.07  -8.22  -1.05   3.33   1.41   1.09   0.22   1.00
200603   1.26   2.81   2.99   4.23   2.89   1.82   2.43  -0.96  -3.66   1.86
200604   1.02   0.56   4.07   4.64  -1.18   1.68  -1.58  -1.94   1.86   2.16
200605   1.09   0.49  -3.34  -3.44  -6.74  -0.22  -1.88  -2.19   1.52  -3.07
200606   0.27   1.90  -0.51   2.48  -1.38   2.96   0.29  -0.13   2.41  -0.35
200607   3.50  -3.21  -3.76   4.69  -3.86   2.24  -4.31   4.12   4.85  -0.89
200608   3.08   2.00   2.10  -3.66   7.30   2.53   2.07   2.26   2.35   1.71
200609  -0.62   4.29   1.87  -3.58   3.67   3.61   5.76   1.52  -2.19   3.22
200610   2.80   5.12   4.37   4.96   4.07   5.26   3.88   1.71   5.38   3.01
200611   1.41   1.84   3.57   8.60   3.03   0.65  -1.33   0.09   3.12   1.67
200612   2.00  -0.76   0.50  -1.97  -0.95   4.26   1.44   0.18   0.69   3.16
200701   1.52   2.73   3.22  -1.41   2.07   3.20   3.54   3.49   0.44   1.06
200702  -1.53  -0.43   0.77  -2.14  -2.36  -2.64  -0.62  -2.84   4.25  -2.35
200703   2.62  -1.07   1.59   5.95   0.93   2.30   0.73  -0.25   4.39  -0.18
200704   3.63   6.35   4.40   5.34   4.90   1.81   2.25   6.81   3.98   3.31
200705   2.89   3.45   4.86   7.27   3.90   6.96   2.46   1.14   1.29   3.22
200706  -1.06   2.08  -0.61   1.05   0.54  -1.80  -1.97  -3.38  -4.80  -2.70
200707  -4.19  -5.94  -0.08  -1.04  -1.28  -3.10  -5.34  -4.10  -3.73  -5.25
200708   1.83  -1.77   0.69   0.30   2.69  -0.86   1.52   2.31   1.76   1.14
200709   3.95   1.59   5.44   7.84   4.13   2.05  -0.63   3.56   3.60   2.67
200710   2.16   1.06   0.91   2.77   6.58  -2.17   1.18   1.44   6.78   0.29
200711   0.85  -8.73  -2.61  -3.86  -7.51  -6.43  -3.76  -0.02  -0.83  -5.99
200712  -1.02  -1.82   0.91   7.64   1.44  -0.25  -2.67  -4.00   0.86  -3.40
200801  -5.20  -5.97  -7.48  -9.34 -12.14  -7.75  -0.47  -4.59  -6.90  -2.17
200802  -0.05  -5.94   0.78   7.23  -3.48  -3.88  -4.65  -0.93  -2.97  -7.82
200803   1.21  -4.10  -0.05  -2.77   0.85  -0.05   1.86  -1.80   0.84  -1.97
200804  -1.08   6.53   4.99  10.71   6.49   4.69   5.01   0.44   6.41   3.54
200805   3.32   1.83   3.28   4.42   5.51   4.73   1.19   1.63   3.62  -2.32
200806  -7.42 -19.30  -9.29   2.96  -8.93 -10.89  -8.08  -3.03  -0.46 -14.61
200807   2.36  -0.27  -0.27 -15.80  -0.48  -3.18   1.11   6.73  -7.22   4.13
200808   1.64   2.41   1.44  -0.19   2.34   4.00   5.36   1.80  -0.49   0.25
200809  -2.97  -9.39 -13.52 -12.60 -12.48 -12.61  -5.76  -5.96 -12.08  -6.04
200810 -13.06 -32.86 -20.80 -17.35 -18.45 -15.56 -15.16 -11.02 -11.08 -19.61
200811  -5.43 -11.47  -7.75  -0.56 -10.98  -1.57  -7.70  -7.34   1.07 -12.39
200812   0.99   1.52   1.41  -3.19   2.19   3.45   4.88   6.75  -2.06   0.88
200901  -5.28 -12.42  -9.19  -3.10  -3.23 -10.26  -7.61  -2.19  -0.81 -17.78
200902  -7.77 -12.68 -13.49 -11.97  -5.01  -6.95  -3.06  -9.94 -12.65 -14.41
200903   6.41  13.01   7.54   3.78  11.44   7.52   9.97   7.06   2.80  12.91
200904   4.97  42.78  17.50   5.30  12.35   9.66   9.55  -0.90   2.13  16.04
200905   7.13  -2.97   5.43  10.84   3.13   1.06  -0.94   6.22   4.65   7.28
200906   0.67   3.73  -1.71  -4.92   4.49   1.65  -0.28   3.60   4.65  -1.94
200907   7.26  19.05  11.49   5.34   8.26   5.52   6.78   5.47   4.37   9.06
200908   0.73   2.25   3.00   0.77   2.33   0.73   3.71   2.18   0.24   7.70
200909   4.24   2.74   6.46   5.30   5.20   6.48   2.41   2.42   2.31   3.14
200910  -0.72  -0.36  -2.81   2.17  -1.55  -3.48   0.06  -3.73  -2.76  -5.38
200911   3.90  10.27   7.64   3.11   4.88   6.52   5.01   8.21   4.53   5.63
200912   2.62   5.44   2.86  -0.46   5.95   6.42   1.97   2.44   5.85   0.72
201001  -2.34  -0.40  -3.36  -4.69  -7.80  -6.71  -1.84  -0.02  -4.45  -0.56
201002   2.74   7.31   5.16   2.45   4.79   2.76   4.29   0.38  -0.44   3.64
201003   5.86   9.16   6.53   3.15   6.70   7.63   6.30   3.63   3.09   8.09
201004  -1.08   7.00   3.21   3.60   2.23   3.41   2.53  -2.17   2.86   1.81
201005  -5.73  -8.79  -8.35 -10.75  -7.76  -5.86  -5.34  -8.06  -6.31  -8.72
201006  -1.92 -10.47  -5.81  -6.48  -6.12  -3.84  -9.06  -1.59  -0.73  -6.48
201007   7.37  15.03   9.65   7.69   7.35   9.50   4.64   2.15   6.79   6.79
201008  -1.15  -9.50  -5.55  -3.35  -6.48  -2.05  -3.96  -1.63   0.40  -7.08
201009   6.08  13.65  10.09   9.57  12.45   7.88  12.13   8.98   3.64   8.51
201010   4.33   8.40   5.16   4.45   6.39   4.55   2.42   1.99   1.85   2.02
201011  -0.05   7.26   1.45   5.63  -0.75  -1.90   4.21  -3.32  -1.31   0.53
201012   4.29   8.60   7.08   9.29   6.01   6.62   3.29   5.44   3.23   9.19
201101  -2.30   0.49   2.95   7.00   4.03   0.06  -0.86  -0.60   2.21   2.10
201102   4.70  -1.43   3.36   7.64   2.34   7.37   2.32   3.33   2.42   2.97
201103   2.70   1.71   1.90   1.85  -1.46   1.68   1.16   2.39   0.92  -1.07
201104   4.46   2.21   2.97   1.33   3.15   3.29   4.54   6.32   4.01   1.06
201105   1.98  -3.55  -2.17  -4.55  -1.72   0.75   0.80   1.95   1.31  -2.62
201106  -1.11  -1.22  -0.68  -2.51  -2.44  -1.38  -0.78  -1.87  -0.34  -2.12
201107  -0.44  -8.91  -4.80   0.58  -0.60  -4.90  -0.61  -3.55  -0.33  -3.70
201108  -0.71 -12.06  -6.15 -10.20  -6.80  -5.10  -2.88  -3.32   0.14  -8.15
201109  -4.91 -14.11 -10.97 -12.60  -4.81  -5.77  -3.91  -4.06  -1.62 -11.01
201110   6.35  23.24  14.09  16.56  11.73   7.57   9.75   5.53   6.66  13.62
201111   1.51  -7.98   1.39   1.71  -1.94   0.34   1.02   1.49   0.98  -2.02
201112   1.93  -1.18  -0.79  -0.58  -1.44   3.14   0.84   3.48   2.93   1.41
201201   0.31  13.51   6.74   1.47   8.45   2.46   4.14   3.39  -2.71   7.23
201202   3.62   6.04   3.86   6.59   6.72   4.92   3.16   1.35   1.30   4.19
201203   3.92   0.95   0.68  -3.30   4.62   2.36   4.66   3.91   1.45   4.91
201204   0.76  -6.98  -0.72  -1.65  -2.03   1.77   0.98   0.61   1.73  -1.65
201205  -2.59  -8.16  -7.78 -10.78  -7.79  -0.82  -3.05  -3.35  -0.91  -7.73
201206   3.52  -5.49   1.25   5.80   2.94   7.07   2.03   6.67   3.40   4.83
201207   1.51   0.32   0.92   2.86  -0.17   4.08   1.19   1.66   3.63  -1.17
201208   0.05   4.14   3.21   2.38   4.85   0.95   2.78   1.09  -3.41   3.14
201209   0.98   3.56   1.68   3.58   1.16   4.76   2.00   4.78   2.12   3.76
201210  -1.66   5.84  -0.54  -1.88  -6.40  -2.29  -1.08  -1.87   1.08   0.92
201211   3.15   3.11   2.62  -1.52   1.49   0.10   1.41   1.46  -3.83  -0.32
201212  -2.29   7.31   2.79   1.30   0.22   1.32  -1.06  -0.43   0.10   3.58
201301   5.33   3.53   6.08   7.86   2.31   4.63   5.43   8.11   5.05   6.71
201302   3.27   0.01   1.34   0.38   0.64   2.24   0.80   1.31   2.09   1.50
201303   5.13   4.02   2.74   2.14   2.67   5.44   4.62   6.56   5.55   4.13
201304   3.60   3.58   0.66  -1.37   0.49   4.40   2.81   2.60   5.12   0.80
201305  -2.35   9.89   3.59   3.03   4.55  -1.99   2.22   1.88  -7.09   5.84
201306   0.14  -0.47  -1.89  -2.40  -3.05   1.78  -0.08  -1.44   0.78  -1.18
201307   2.95   9.13   6.15   5.02   5.82   3.37   5.98   8.04   4.60   5.56


