1 7 7.965546 0.5012987 10 1 0 0 0 0 1 0 0 0 0 0 3.526361 3.258097 4.465908 8.994917 0.6340111
1 3 7.539027 0.5276382 4 1 0 0 0 0 1 0 0 0 0 0 3.526361 2.484907 3.663562 9.138522 0.6340111
1 1 9.177817 0.2036199 5 0 1 0 0 0 1 0 0 0 0 0 3.526361 1.94591 2.397895 8.125631 0.6340111
1 3 8.29405 0.5221027 2 0 0 1 0 0 1 0 0 0 0 0 3.526361 2.484907 2.197225 6.753438 0.6340111
1 3 7.740664 0.5188285 4 1 0 0 0 0 1 0 0 0 0 0 3.526361 2.772589 3.850148 9.076466 0.6340111
1 2 7.762596 0.5001063 2 1 0 0 0 0 1 0 0 0 0 0 3.526361 2.564949 3.555348 8.994917 0.6340111
1 2 7.872836 0.5039683 0 1 0 0 0 0 1 0 0 0 0 0 3.526361 2.079442 3.555348 9.138522 0.6340111
1 3 8.006368 0.5041322 8 1 0 0 0 0 1 0 0 0 1 0 3.526361 2.484907 3.663562 9.138522 0.6340111
1 3 8.131531 0.5 0 0 0 1 0 0 1 0 0 0 0 0 3.526361 2.772589 3.258097 6.424869 0.6340111
1 2 7.600902 0.5238095 3 0 0 1 0 0 1 0 0 0 0 0 3.526361 2.564949 3.091042 6.418365 0.6340111
1 3 7.590852 0.5263158 3 1 0 0 0 0 1 0 0 0 0 0 3.526361 2.772589 3.526361 9.18656 0.6340111
